2718 35381 12480
2779 34933 9892
2908 25615 23360
3018 28491 10642
3939 5070 14693
3685 15132 6984
3398 12890 24275
3656 11687 17942
3244 17332 23392
2982 23437 25000
2841 31909 15687
1637 58691 23597
2529 40960 0
2186 47987 13902
3255 22989 12106
3216 19891 19107
3771 13944 5278
1907 55181 2886
2387 41444 20601
3488 19319 2438
2753 34396 13377
3653 10748 19489
2629 38711 5839
3436 20625 4969
1683 60723 6664
2536 37356 21166
896 78602 18654
3345 22416 3741
2884 30347 16284
2885 29885 17094
3605 9232 21639
2937 30788 2406
3214 21424 17089
1497 65465 7509
3125 25991 10978
1364 68997 1935
2878 31571 12420
2740 35969 9009
3321 15922 21275
2890 32874 8255
4142 1368 5417
2398 43886 7592
3477 16629 15503
3231 24622 1544
1931 52334 20366
2769 33267 14316
3048 28590 8166
2598 38479 3694
2292 46293 928
2179 48958 3964
2243 47043 10873
2344 43263 19638
2572 37207 20417
2553 39930 4848
346 90945 22425
1634 63206 747
2378 42411 14550
1887 56959 661
2201 44853 22956
3464 7222 24250
3087 27016 9180
2017 50343 18245
1164 72923 11504
3482 18516 10080
3076 27699 7071
2071 51246 12873
3109 25087 15118
1900 53921 17285
