3954 8609 8457
3224 23879 7848
1630 62347 2876
2917 26791 19866
3463 6161 24282
3599 16738 2000
2270 42657 22738
3141 25752 12827
1146 69927 24325
3221 22840 14815
3380 20923 5783
3454 13003 22060
3200 24297 10569
2489 40856 13039
2999 27442 16538
2078 51684 569
3366 16062 19013
3775 12894 6977
2567 34893 22753
2136 49690 7399
2885 29885 17094
3179 21254 18115
3082 28160 589
3322 15617 21881
2618 36182 15236
2903 31017 11866
3485 17810 12122
3662 5241 20959
3345 22416 3741
2445 42616 893
2158 47157 21295
3565 13838 17612
2771 33487 17309
2220 47618 13002
2007 50695 20057
3835 5026 17144
1684 60568 5277
2703 36386 10480
2311 43622 18690
2604 37792 12978
1717 57763 18783
3047 28246 8816
1873 55009 9639
4049 5034 4431
3443 19263 880
3015 28533 12636
3058 21989 22880
2761 28524 24280
2700 32407 20723
2594 38913 4638
3387 19988 10229
3042 28848 4042
1311 69382 8868
3735 12800 581
2832 33280 601
3583 16739 9525
2455 37109 24072
2113 48813 16081
2367 43929 5296
1918 54496 14596
1678 57985 21443
2820 33943 7901
2548 40832 7035
2634 38405 886
763 82902 12958
3952 8379 11357
2399 43216 9345
3740 7251 19274
