0
0
0
0
0
0
0
0
0
0
0
0
0
0
0
0
0
0
0
0
0
0
0
0
0
0
0
0
0
0
0
0
0
0
0
0
0
0
0
0
0
0
0
0
0
0
0
0
0
0
0
0
0
0
0
0
0
0
0
0
0
0
0
0
0
0
0
0
0
0
0
0
0
0
0
0
0
0
0
0
0
0
0
0
0
0
0
0
0
0
0
0
0
0
0
0
0
0
0
0
0
0
0
0
0
0
0
0
0
0
0
0
0
0
0
0
0
0
0
0
0
0
0
0
0
0
0
0
0
0
0
0
0
0
0
0
0
0
0
0
0
0
0
0
0
0
0
0
0
0
0
0
0
0
0
0
0
3.6361e-11
0
0
0
0
0
0
0
0
0
0
0
0
0
0
0
0
0
0
0
0
0
0
0
0
0
0
0
0
0
0
0
0
0
4.423e-13
9.3674e-11
1.8627e-10
2.7275e-10
0
0
0
0
0
0
0
0
0
0
0
0
0
0
0
0
0
0
0
0
0
0
0
1.7946e-12
0
0
3.6361e-11
4.8077e-11
1.1961e-11
3.1404e-11
4.7669e-11
5.6768e-11
4.3758e-10
1.3876e-10
2.4013e-10
3.4981e-10
0
0
0
0
0
0
0
0
0
0
0
0
0
0
0
0
0
0
2.4078e-11
0
0
4.4143e-12
8.2756e-11
4.446e-11
1.1804e-10
1.3194e-11
7.5409e-11
1.486e-10
2.8418e-10
2.1164e-10
1.8236e-10
1.6788e-10
6.2722e-10
3.1159e-10
2.0357e-10
2.8536e-10
5.2749e-10
3.1407e-10
4.3758e-10
7.9148e-10
0
0
0
0
0
0
0
0
0
0
0
0
0
0
2.883e-11
4.9656e-11
1.7968e-10
3.0411e-11
1.13e-10
2.1381e-10
1.8616e-10
2.7831e-10
3.2107e-10
1.0654e-10
1.2825e-10
2.376e-10
3.9617e-10
5.5724e-10
4.7277e-10
4.7115e-10
3.6619e-10
4.2421e-10
5.1107e-10
1.0698e-09
5.2511e-10
6.0051e-10
7.6788e-10
7.0251e-10
1.1912e-09
0
1.9992e-11
2.5934e-10
4.3518e-10
0
4.1733e-11
1.4426e-11
2.1551e-11
0
2.479e-11
4.344e-11
3.3184e-11
0
0
3.8841e-10
1.6663e-10
2.888e-10
2.2884e-10
3.0123e-10
4.8158e-10
5.6524e-10
5.6988e-10
3.4349e-10
4.515e-10
4.5125e-10
7.8294e-10
7.1375e-10
7.8928e-10
1.5898e-09
1.0666e-09
8.0246e-10
6.7368e-10
7.2957e-10
9.1006e-10
1.0179e-09
1.4563e-09
9.9209e-10
1.0565e-09
1.4353e-09
1.2291e-09
9.7587e-11
2.5943e-10
6.4024e-10
4.3606e-10
7.4346e-11
1.7073e-10
1.0255e-10
1.3537e-10
1.5284e-10
2.2038e-10
2.6485e-10
4.5862e-10
1.3552e-10
3.6361e-11
5.2165e-10
6.5526e-10
4.9887e-10
4.8594e-10
4.7096e-10
8.0693e-10
8.8732e-10
9.7982e-10
7.5839e-10
6.7623e-10
7.333e-10
1.0035e-09
1.1811e-09
1.0464e-09
1.1752e-09
1.7267e-09
1.8754e-09
2.1732e-09
1.4732e-09
1.1682e-09
1.1294e-09
1.2688e-09
1.366e-09
1.7191e-09
1.4141e-09
1.769e-09
1.6359e-09
1.1052e-09
3.3328e-10
6.8043e-10
2.1418e-10
4.3436e-10
2.8112e-10
3.8358e-10
5.422e-10
3.3722e-10
5.1387e-10
2.9851e-10
6.4871e-10
2.7275e-10
7.7432e-10
1.0044e-09
8.3893e-10
7.9734e-10
1.1255e-09
1.2615e-09
1.3935e-09
1.518e-09
1.1073e-09
9.9881e-10
1.4183e-09
1.514e-09
1.4725e-09
1.5861e-09
1.8442e-09
2.8246e-09
2.186e-09
2.6458e-09
1.7842e-09
1.5125e-09
1.7038e-09
2.1732e-09
2.004e-09
2.0311e-09
2.2101e-09
1.4348e-09
1.0548e-09
6.8969e-10
4.3977e-10
6.755e-10
5.5485e-10
6.982e-10
9.0275e-10
6.9546e-10
9.4249e-10
9.304e-10
6.2722e-10
1.301e-09
1.1358e-09
1.2144e-09
1.4405e-09
1.7138e-09
1.5251e-09
1.6097e-09
1.9e-09
1.7757e-09
1.987e-09
1.8062e-09
2.007e-09
1.7945e-09
1.3435e-09
1.6114e-09
3.5338e-09
4.2976e-09
1.9736e-09
1.9226e-09
1.9962e-09
2.2994e-09
3.3499e-09
2.6022e-09
2.9585e-09
2.1217e-09
2.2915e-09
2.4847e-09
2.473e-09
2.6602e-09
1.4891e-09
1.2488e-09
1.1116e-09
8.2681e-10
8.5379e-10
1.0664e-09
1.2611e-09
1.2019e-09
1.351e-09
1.3241e-09
1.0698e-09
1.9866e-09
2.4309e-09
1.888e-09
1.6925e-09
2.0672e-09
2.2524e-09
1.9992e-09
2.2604e-09
2.3828e-09
2.2571e-09
2.1776e-09
2.4486e-09
2.1993e-09
1.8926e-09
2.323e-09
4.6986e-09
3.9083e-09
4.498e-09
2.3525e-09
2.5794e-09
2.9228e-09
3.8007e-09
3.1312e-09
3.5704e-09
2.7328e-09
2.6672e-09
2.8558e-09
3.1169e-09
3.0741e-09
3.1102e-09
1.9102e-09
1.5918e-09
1.485e-09
1.4533e-09
1.3729e-09
1.5988e-09
1.581e-09
1.7203e-09
1.8754e-09
1.7267e-09
1.5898e-09
2.3615e-09
2.2915e-09
2.8246e-09
2.9453e-09
2.1891e-09
2.6533e-09
2.767e-09
2.5508e-09
2.8707e-09
3.332e-09
2.7184e-09
2.7234e-09
2.5895e-09
2.9179e-09
2.8561e-09
2.6025e-09
5.1141e-09
4.9007e-09
4.6438e-09
3.529e-09
2.9567e-09
3.3618e-09
4.1966e-09
3.6996e-09
3.1552e-09
3.6062e-09
3.5873e-09
3.7725e-09
1.9315e-09
1.8271e-09
2.0857e-09
2.0248e-09
2.6524e-09
2.5355e-09
2.1207e-09
2.2711e-09
2.0242e-09
1.8754e-09
2.9604e-09
3.1419e-09
3.2135e-09
3.3375e-09
3.4724e-09
2.9455e-09
3.3458e-09
3.1911e-09
3.5003e-09
3.8524e-09
3.3268e-09
3.3287e-09
3.2867e-09
3.4486e-09
3.5335e-09
5.5418e-09
5.9812e-09
5.4508e-09
4.8644e-09
4.0367e-09
3.8027e-09
3.3713e-09
4.3305e-09
4.0094e-09
4.999e-09
4.2849e-09
4.3156e-09
2.3188e-09
2.8028e-09
2.4916e-09
2.459e-09
3.0999e-09
2.583e-09
2.4947e-09
2.1732e-09
3.6569e-09
3.7152e-09
3.8828e-09
4.2179e-09
3.7135e-09
3.808e-09
3.9347e-09
3.9362e-09
4.4036e-09
3.8877e-09
4.1391e-09
3.8142e-09
3.9177e-09
3.9601e-09
6.2202e-09
6.4595e-09
6.9469e-09
6.519e-09
6.0501e-09
5.5372e-09
5.7748e-09
4.5963e-09
4.2873e-09
4.2485e-09
4.8026e-09
5.391e-09
6.0171e-09
4.8358e-09
4.8774e-09
5.2124e-09
2.8164e-09
3.2586e-09
3.085e-09
2.8332e-09
3.731e-09
4.1257e-09
3.0367e-09
3.5338e-09
2.8246e-09
7.4541e-09
4.187e-09
4.2396e-09
4.6845e-09
4.716e-09
4.4852e-09
4.2977e-09
4.2735e-09
4.4612e-09
4.7768e-09
5.0099e-09
5.1034e-09
4.9294e-09
4.3402e-09
4.722e-09
4.3207e-09
4.578e-09
4.472e-09
7.0617e-09
6.7429e-09
6.3412e-09
6.5392e-09
4.8089e-09
5.1745e-09
5.1094e-09
5.5659e-09
6.5747e-09
5.9329e-09
5.7867e-09
3.4104e-09
3.8495e-09
3.5375e-09
3.6816e-09
4.4647e-09
4.5014e-09
5.1062e-09
4.1548e-09
3.912e-09
3.5338e-09
7.7083e-09
7.9652e-09
9.04e-09
4.9482e-09
4.8193e-09
5.4243e-09
5.5176e-09
4.9229e-09
4.7733e-09
5.164e-09
5.8192e-09
6.0056e-09
5.7133e-09
5.4033e-09
5.5576e-09
5.1228e-09
5.3117e-09
4.9631e-09
5.1392e-09
7.6042e-09
7.6679e-09
7.3086e-09
7.103e-09
5.4805e-09
5.7953e-09
5.7369e-09
6.284e-09
6.4672e-09
7.26e-09
6.2697e-09
6.3766e-09
4.194e-09
4.1045e-09
4.8722e-09
5.786e-09
5.1384e-09
5.6838e-09
4.6986e-09
4.6986e-09
4.2976e-09
8.5018e-09
9.3172e-09
9.6006e-09
1.0169e-08
5.6984e-09
6.0151e-09
7.1989e-09
6.2834e-09
5.5589e-09
6.0383e-09
6.6137e-09
6.4677e-09
6.0129e-09
6.1515e-09
6.0556e-09
6.2688e-09
5.7735e-09
5.5986e-09
5.6102e-09
8.6466e-09
7.9441e-09
8.4868e-09
7.7943e-09
7.9361e-09
6.5139e-09
6.7949e-09
7.4361e-09
6.8475e-09
7.7627e-09
7.1522e-09
7.053e-09
4.6178e-09
5.3966e-09
6.3894e-09
6.3064e-09
5.8719e-09
5.2399e-09
5.4415e-09
5.5418e-09
5.1141e-09
9.3494e-09
9.8844e-09
1.1347e-08
1.0749e-08
6.6365e-09
6.668e-09
8.1272e-09
8.185e-09
7.3642e-09
6.3145e-09
6.6153e-09
7.3019e-09
7.0784e-09
7.2611e-09
6.6594e-09
6.7088e-09
7.0531e-09
6.4494e-09
6.5474e-09
6.3445e-09
7.1391e-09
7.1102e-09
9.9888e-09
9.1778e-09
8.5537e-09
8.4605e-09
8.564e-09
7.5246e-09
8.4309e-09
8.1104e-09
7.7686e-09
5.5242e-09
6.1596e-09
6.9802e-09
7.3611e-09
6.9747e-09
6.7983e-09
6e-09
6.2581e-09
5.9812e-09
1.018e-08
1.1948e-08
1.1602e-08
1.1011e-08
7.3122e-09
7.339e-09
8.582e-09
8.9415e-09
8.774e-09
8.0311e-09
6.8788e-09
7.9709e-09
7.8202e-09
7.3107e-09
7.4187e-09
7.4991e-09
7.6946e-09
7.3531e-09
7.8401e-09
7.9648e-09
1.0641e-08
1.0081e-08
9.563e-09
9.1415e-09
9.1006e-09
8.6294e-09
8.9917e-09
8.6225e-09
9.3121e-09
6.3942e-09
6.7889e-09
7.4576e-09
7.7688e-09
7.9967e-09
7.6536e-09
6.9194e-09
7.1322e-09
6.4831e-09
1.1207e-08
1.2574e-08
1.2259e-08
1.1948e-08
1.2447e-08
1.3074e-08
7.9366e-09
8.3407e-09
8.7898e-09
9.3681e-09
9.4677e-09
9.9019e-09
8.889e-09
8.6574e-09
7.8717e-09
8.3477e-09
8.4498e-09
9.6018e-09
8.2872e-09
8.1564e-09
8.4437e-09
8.5318e-09
8.6147e-09
8.6632e-09
1.072e-08
1.1327e-08
1.0109e-08
9.9771e-09
9.7517e-09
9.7526e-09
1.0191e-08
7.3797e-09
8.1367e-09
8.4182e-09
8.8782e-09
8.4142e-09
7.6425e-09
7.8971e-09
6.9968e-09
1.26e-08
1.3848e-08
1.3162e-08
1.4011e-08
9.0443e-09
9.1523e-09
9.5688e-09
9.7334e-09
1.0259e-08
1.0614e-08
1.0414e-08
9.336e-09
8.9183e-09
9.2232e-09
1.0617e-08
1.0189e-08
9.0314e-09
9.1576e-09
9.5163e-09
9.2701e-09
9.649e-09
1.0909e-08
1.1738e-08
1.2067e-08
1.0855e-08
1.0623e-08
1.0934e-08
1.1016e-08
8.6261e-09
8.8396e-09
9.324e-09
1.0139e-08
9.2847e-09
8.8643e-09
8.634e-09
8.0707e-09
1.2958e-08
1.3531e-08
1.5175e-08
1.4877e-08
1.4005e-08
9.8862e-09
1.0192e-08
1.0144e-08
1.0449e-08
1.0866e-08
1.1347e-08
1.1093e-08
1.1309e-08
1.1612e-08
1.0207e-08
1.0145e-08
1.0169e-08
1.1458e-08
9.7913e-09
9.9709e-09
1.0728e-08
1.0109e-08
1.0853e-08
1.0556e-08
1.1821e-08
1.2807e-08
1.1475e-08
1.2323e-08
1.2334e-08
1.1774e-08
1.1965e-08
1.2376e-08
1.0954e-08
9.3476e-09
9.7176e-09
1.0529e-08
9.4984e-09
9.2013e-09
1.3584e-08
1.4037e-08
1.406e-08
1.4508e-08
1.6174e-08
1.5461e-08
1.5145e-08
1.0632e-08
1.119e-08
1.2047e-08
1.1442e-08
1.1657e-08
1.2251e-08
1.2284e-08
1.224e-08
1.0978e-08
1.101e-08
1.1954e-08
1.079e-08
1.1444e-08
1.1633e-08
1.1524e-08
1.121e-08
1.1352e-08
1.3016e-08
1.2811e-08
1.3017e-08
1.3932e-08
1.3031e-08
1.3244e-08
1.1837e-08
1.0157e-08
1.0118e-08
1.0611e-08
1.2022e-08
1.1538e-08
1.0519e-08
9.7961e-09
1.4506e-08
1.4815e-08
1.5574e-08
1.7187e-08
1.6663e-08
1.6129e-08
1.2819e-08
1.1846e-08
1.2828e-08
1.2457e-08
1.2743e-08
1.3274e-08
1.3705e-08
1.3195e-08
1.2763e-08
1.1978e-08
1.2839e-08
1.1849e-08
1.2202e-08
1.2372e-08
1.2238e-08
1.2213e-08
1.3818e-08
1.3687e-08
1.4739e-08
1.4494e-08
1.4174e-08
1.4138e-08
1.3068e-08
1.2753e-08
1.1092e-08
1.1446e-08
1.2225e-08
1.1261e-08
1.0393e-08
1.5306e-08
1.5842e-08
1.5733e-08
1.6569e-08
1.744e-08
1.8241e-08
1.7322e-08
1.3623e-08
1.3865e-08
1.3094e-08
1.3856e-08
1.3865e-08
1.3604e-08
1.4686e-08
1.4496e-08
1.3938e-08
1.4349e-08
1.3578e-08
1.3649e-08
1.2956e-08
1.2812e-08
1.3095e-08
1.3184e-08
1.4531e-08
1.4826e-08
1.5944e-08
1.5331e-08
1.5524e-08
1.5021e-08
1.3757e-08
1.4609e-08
1.3402e-08
1.1787e-08
1.2185e-08
1.1958e-08
1.1642e-08
1.6482e-08
1.6964e-08
1.7279e-08
1.7586e-08
1.7828e-08
1.8193e-08
1.9304e-08
1.871e-08
2.0413e-08
1.8505e-08
1.4971e-08
1.4359e-08
1.4532e-08
1.5439e-08
1.5402e-08
1.5374e-08
1.5814e-08
1.514e-08
1.5992e-08
1.4876e-08
1.453e-08
1.5601e-08
1.4597e-08
1.4188e-08
1.4612e-08
1.3845e-08
1.4183e-08
1.466e-08
1.5736e-08
1.618e-08
1.5968e-08
1.587e-08
1.6473e-08
1.6791e-08
1.7869e-08
1.6355e-08
1.6494e-08
1.4615e-08
1.552e-08
1.3638e-08
1.4452e-08
1.2903e-08
1.2465e-08
1.2285e-08
1.7685e-08
1.8023e-08
1.8344e-08
1.8714e-08
1.9858e-08
1.9581e-08
2.0969e-08
2.1529e-08
1.9606e-08
1.6282e-08
1.5818e-08
1.6202e-08
1.6321e-08
1.6261e-08
1.6764e-08
1.7032e-08
1.6836e-08
1.5926e-08
1.5475e-08
1.6482e-08
1.5176e-08
1.5178e-08
1.4724e-08
1.5499e-08
1.6198e-08
1.611e-08
1.6816e-08
1.6966e-08
1.7082e-08
1.7729e-08
1.8845e-08
1.8626e-08
1.7226e-08
1.7792e-08
1.7851e-08
1.7481e-08
1.6937e-08
1.611e-08
1.5182e-08
1.4133e-08
1.4971e-08
1.361e-08
1.2947e-08
1.8898e-08
1.9778e-08
2.0434e-08
1.9716e-08
1.9744e-08
2.0974e-08
2.21e-08
2.2689e-08
2.3857e-08
2.1487e-08
2.1444e-08
1.7104e-08
1.6928e-08
1.7159e-08
1.758e-08
1.7912e-08
1.7932e-08
1.7894e-08
1.7287e-08
1.6925e-08
1.6699e-08
1.6217e-08
1.7175e-08
1.7531e-08
1.7878e-08
1.7944e-08
1.8179e-08
1.901e-08
1.8387e-08
1.9851e-08
1.9567e-08
1.8621e-08
1.928e-08
1.856e-08
1.7934e-08
1.7392e-08
1.6111e-08
1.471e-08
1.5705e-08
1.4304e-08
2.0261e-08
2.091e-08
2.0887e-08
2.0645e-08
2.5071e-08
2.2937e-08
2.4463e-08
2.298e-08
2.2441e-08
2.2093e-08
1.8063e-08
1.7819e-08
1.8218e-08
1.889e-08
1.9024e-08
1.9158e-08
1.9005e-08
1.8863e-08
1.7989e-08
1.762e-08
1.8388e-08
1.8527e-08
1.8819e-08
1.9446e-08
1.931e-08
2.0113e-08
2.0163e-08
2.136e-08
2.0584e-08
1.9822e-08
1.9919e-08
2.0586e-08
2.0134e-08
1.9536e-08
1.8944e-08
1.8327e-08
1.7509e-08
1.6752e-08
1.5713e-08
2.1495e-08
2.2093e-08
2.251e-08
2.2239e-08
2.2404e-08
2.5539e-08
2.6292e-08
2.4777e-08
2.359e-08
2.3148e-08
2.3066e-08
1.9278e-08
1.8926e-08
2.014e-08
1.9909e-08
2.01e-08
2.0241e-08
1.9775e-08
2.0497e-08
1.9543e-08
1.9312e-08
1.9393e-08
1.9582e-08
2.0353e-08
2.0592e-08
2.0964e-08
2.1469e-08
2.1188e-08
2.1689e-08
2.1879e-08
2.2133e-08
2.1073e-08
2.1172e-08
2.06e-08
1.9954e-08
1.9409e-08
1.8741e-08
1.7824e-08
1.7176e-08
2.3263e-08
2.7559e-08
2.312e-08
2.366e-08
2.3792e-08
2.4091e-08
2.6516e-08
2.4997e-08
2.6038e-08
2.4779e-08
2.0374e-08
2.1279e-08
2.1024e-08
2.1429e-08
2.1057e-08
2.1761e-08
2.045e-08
2.0422e-08
2.0635e-08
2.1428e-08
2.1641e-08
2.162e-08
2.2354e-08
2.2405e-08
2.2787e-08
2.2539e-08
2.401e-08
2.237e-08
2.2976e-08
2.3149e-08
2.2162e-08
2.2146e-08
2.1919e-08
2.1026e-08
2.0348e-08
1.9725e-08
1.8704e-08
2.8835e-08
2.4617e-08
2.5246e-08
2.8196e-08
2.4787e-08
2.5164e-08
2.5295e-08
2.7431e-08
2.5867e-08
2.6886e-08
2.6169e-08
2.1783e-08
2.2515e-08
2.2302e-08
2.2149e-08
2.2826e-08
2.2911e-08
2.2233e-08
2.3276e-08
2.2437e-08
2.2443e-08
2.3135e-08
2.362e-08
2.5362e-08
2.413e-08
2.5204e-08
2.3884e-08
2.3953e-08
2.3618e-08
2.3039e-08
2.2864e-08
2.2017e-08
2.149e-08
2.0825e-08
2.0282e-08
2.9323e-08
3.0154e-08
2.627e-08
2.6016e-08
2.6405e-08
2.9487e-08
2.651e-08
2.7023e-08
2.8395e-08
2.7079e-08
2.729e-08
2.2978e-08
2.3671e-08
2.3472e-08
2.3366e-08
2.3737e-08
2.4019e-08
2.4793e-08
2.4931e-08
2.4516e-08
2.3912e-08
2.3794e-08
2.4242e-08
2.4441e-08
2.5161e-08
2.5152e-08
2.648e-08
2.6147e-08
2.5257e-08
2.5052e-08
2.5779e-08
2.3898e-08
2.4442e-08
2.5671e-08
2.3486e-08
2.2667e-08
2.2247e-08
2.1909e-08
3.032e-08
3.1487e-08
3.0652e-08
2.7268e-08
2.7642e-08
2.8052e-08
2.9833e-08
2.8021e-08
2.813e-08
2.886e-08
2.9059e-08
2.4801e-08
2.4473e-08
2.4309e-08
2.5232e-08
2.4807e-08
2.5885e-08
2.594e-08
2.6698e-08
2.511e-08
2.522e-08
2.5788e-08
2.6217e-08
2.6172e-08
2.6967e-08
2.6474e-08
2.7635e-08
2.7322e-08
2.6552e-08
2.6814e-08
2.6485e-08
2.9142e-08
2.9345e-08
2.6856e-08
2.4872e-08
2.5762e-08
2.4393e-08
2.3527e-08
2.3593e-08
3.2858e-08
3.1535e-08
3.2362e-08
3.127e-08
3.1852e-08
2.8556e-08
2.9201e-08
2.9132e-08
2.9184e-08
3.094e-08
2.9326e-08
3.0191e-08
3.1957e-08
2.7058e-08
2.6241e-08
2.5986e-08
2.6608e-08
2.7239e-08
2.7832e-08
2.8059e-08
2.6509e-08
2.7412e-08
2.7534e-08
2.8308e-08
2.7666e-08
2.772e-08
2.8348e-08
2.7902e-08
2.752e-08
2.7702e-08
2.9614e-08
3.0643e-08
3.0748e-08
2.7977e-08
2.7165e-08
2.5451e-08
2.496e-08
2.4461e-08
3.4248e-08
3.3722e-08
3.2928e-08
3.2893e-08
3.3111e-08
2.9896e-08
3.056e-08
3.0882e-08
3.0733e-08
3.2008e-08
3.0837e-08
3.3169e-08
2.9079e-08
2.8185e-08
2.7721e-08
2.759e-08
2.8683e-08
2.936e-08
2.8598e-08
2.8992e-08
2.9176e-08
2.9072e-08
2.9214e-08
2.8827e-08
2.9659e-08
2.9066e-08
2.997e-08
3.0874e-08
3.1856e-08
3.2009e-08
3.2319e-08
2.9313e-08
2.8722e-08
2.817e-08
2.7067e-08
2.6361e-08
2.5341e-08
3.5671e-08
3.5546e-08
3.4601e-08
3.4083e-08
3.4336e-08
3.5339e-08
3.1548e-08
3.3021e-08
3.1746e-08
3.2942e-08
3.2343e-08
3.415e-08
3.0327e-08
3.0038e-08
2.9005e-08
2.9099e-08
3.023e-08
3.0433e-08
3.041e-08
3.0324e-08
3.1886e-08
3.0756e-08
3.0275e-08
3.0231e-08
3.1132e-08
3.0048e-08
3.0943e-08
3.1063e-08
3.1342e-08
3.2436e-08
3.3143e-08
3.3723e-08
3.3859e-08
3.3901e-08
3.1592e-08
3.1043e-08
3.001e-08
2.9628e-08
2.8498e-08
2.7674e-08
2.7137e-08
3.7121e-08
3.7475e-08
3.67e-08
3.5335e-08
3.5887e-08
3.6617e-08
3.4314e-08
3.3653e-08
3.4049e-08
3.5141e-08
3.5643e-08
3.1437e-08
3.1114e-08
3.1507e-08
3.1637e-08
3.2188e-08
3.3042e-08
3.2167e-08
3.1916e-08
3.1403e-08
3.2341e-08
3.1543e-08
3.2381e-08
3.2339e-08
3.3678e-08
3.4507e-08
3.5135e-08
3.5578e-08
3.495e-08
3.5667e-08
3.2686e-08
3.2385e-08
3.2091e-08
3.0711e-08
3.1787e-08
2.9848e-08
2.8981e-08
3.8596e-08
3.8665e-08
3.7821e-08
3.72e-08
3.7076e-08
3.8046e-08
3.6072e-08
3.5749e-08
3.6809e-08
3.7863e-08
3.2754e-08
3.3108e-08
3.2735e-08
3.3412e-08
3.4199e-08
3.3318e-08
3.3211e-08
3.3458e-08
3.3538e-08
3.3139e-08
3.3704e-08
3.4967e-08
3.6493e-08
3.629e-08
3.5938e-08
3.7059e-08
3.6247e-08
3.8287e-08
3.6599e-08
3.7029e-08
3.3994e-08
3.3418e-08
3.336e-08
3.3003e-08
3.1594e-08
3.0719e-08
4.0107e-08
4.0428e-08
3.9064e-08
4.1633e-08
3.9721e-08
3.9182e-08
3.9419e-08
3.9118e-08
3.7415e-08
3.8475e-08
4.0039e-08
3.4587e-08
3.4195e-08
3.4077e-08
3.4649e-08
3.5391e-08
3.4407e-08
3.5236e-08
3.4893e-08
3.4728e-08
3.4734e-08
3.539e-08
3.6951e-08
3.6057e-08
3.752e-08
3.7134e-08
3.6947e-08
3.862e-08
3.7526e-08
3.9538e-08
3.8172e-08
3.8283e-08
3.4671e-08
3.5517e-08
3.452e-08
3.4255e-08
3.5445e-08
3.4205e-08
3.2991e-08
3.2491e-08
4.1682e-08
4.1436e-08
4.3208e-08
4.1753e-08
4.0745e-08
4.1106e-08
4.1392e-08
4.0009e-08
3.9105e-08
4.1316e-08
3.5987e-08
3.6101e-08
3.6302e-08
3.5425e-08
3.6641e-08
3.6431e-08
3.5815e-08
3.6963e-08
3.6348e-08
3.8603e-08
3.6728e-08
3.8173e-08
3.7529e-08
3.8718e-08
3.9194e-08
3.9978e-08
3.9583e-08
4.0764e-08
4.0163e-08
4.0732e-08
3.6266e-08
3.7517e-08
3.6702e-08
3.6732e-08
3.5955e-08
3.524e-08
3.4313e-08
4.3748e-08
4.2752e-08
4.4792e-08
4.3468e-08
4.2369e-08
4.2857e-08
4.2592e-08
4.0973e-08
4.2586e-08
3.7515e-08
3.752e-08
3.7809e-08
3.6972e-08
3.9225e-08
3.774e-08
3.7815e-08
3.8541e-08
3.8063e-08
3.9571e-08
3.9808e-08
3.8883e-08
3.9209e-08
4.0303e-08
4.0509e-08
4.1349e-08
4.1541e-08
4.1853e-08
4.1833e-08
4.2023e-08
3.8805e-08
3.8044e-08
3.7859e-08
3.7558e-08
3.6862e-08
3.8015e-08
3.6188e-08
4.6017e-08
4.4605e-08
4.5076e-08
4.6425e-08
4.4587e-08
4.4717e-08
4.3839e-08
4.4156e-08
4.3306e-08
3.8699e-08
3.8865e-08
3.9364e-08
3.9925e-08
4.023e-08
4.0174e-08
3.9684e-08
3.9446e-08
3.9852e-08
4.0751e-08
4.0782e-08
4.1418e-08
4.093e-08
4.2049e-08
4.1627e-08
4.264e-08
4.2889e-08
4.3226e-08
4.3961e-08
4.401e-08
3.9897e-08
3.9272e-08
3.8939e-08
3.9611e-08
3.9083e-08
3.8095e-08
4.7295e-08
4.6354e-08
4.6703e-08
4.8074e-08
4.7301e-08
4.6176e-08
4.5834e-08
4.5657e-08
4.5517e-08
4.0729e-08
4.2186e-08
4.1347e-08
4.155e-08
4.1189e-08
4.1654e-08
4.1691e-08
4.1069e-08
4.1816e-08
4.2299e-08
4.3877e-08
4.3182e-08
4.2811e-08
4.2915e-08
4.4188e-08
4.3218e-08
4.3715e-08
4.6198e-08
4.431e-08
4.474e-08
4.5336e-08
4.0892e-08
4.0396e-08
4.0798e-08
4.0369e-08
4.0074e-08
4.8377e-08
4.8728e-08
4.8614e-08
4.9762e-08
4.9421e-08
4.7622e-08
4.7775e-08
4.6932e-08
4.7168e-08
4.2667e-08
4.3954e-08
4.2959e-08
4.2302e-08
4.2947e-08
4.2449e-08
4.3089e-08
4.3135e-08
4.3252e-08
4.458e-08
4.4099e-08
4.5134e-08
4.5414e-08
4.4454e-08
4.577e-08
4.4803e-08
4.5611e-08
4.6118e-08
4.7588e-08
4.6047e-08
4.6735e-08
4.1932e-08
4.3053e-08
4.373e-08
4.1793e-08
4.2091e-08
4.2603e-08
4.2087e-08
5.0833e-08
5.1479e-08
5.0066e-08
5.0378e-08
5.0672e-08
5.1493e-08
5.0256e-08
4.9302e-08
4.8501e-08
4.8457e-08
4.927e-08
4.4904e-08
4.4332e-08
4.6457e-08
4.4397e-08
4.4473e-08
4.5323e-08
4.4911e-08
4.583e-08
4.5685e-08
4.6589e-08
4.7397e-08
4.6689e-08
4.6418e-08
4.7045e-08
4.7188e-08
4.7667e-08
4.8303e-08
4.8256e-08
4.354e-08
4.4704e-08
4.3176e-08
4.4521e-08
4.3637e-08
4.312e-08
5.1745e-08
5.2098e-08
5.3221e-08
5.1488e-08
5.148e-08
5.2929e-08
5.0584e-08
5.0694e-08
5.0749e-08
4.9974e-08
4.8022e-08
4.5572e-08
4.5429e-08
4.7402e-08
4.5676e-08
4.6457e-08
4.6246e-08
4.6651e-08
4.895e-08
4.6859e-08
4.7275e-08
4.881e-08
4.9057e-08
4.8848e-08
4.7835e-08
4.781e-08
4.8758e-08
4.817e-08
4.8896e-08
4.8443e-08
4.9231e-08
4.9248e-08
4.9934e-08
4.5675e-08
4.7704e-08
4.598e-08
4.4938e-08
4.4156e-08
5.2696e-08
5.3367e-08
5.2963e-08
5.3807e-08
5.4113e-08
5.5008e-08
5.2595e-08
5.4589e-08
5.6806e-08
5.243e-08
5.2351e-08
5.1445e-08
5.138e-08
4.9817e-08
4.737e-08
4.9063e-08
4.7415e-08
4.7775e-08
4.8684e-08
4.8221e-08
5.12e-08
4.8934e-08
5.0305e-08
5.0723e-08
5.1466e-08
4.9395e-08
5.0717e-08
5.0249e-08
5.075e-08
5.0181e-08
5.0562e-08
5.1253e-08
5.2118e-08
5.1906e-08
5.3148e-08
5.0049e-08
4.9129e-08
4.7646e-08
4.7357e-08
4.6278e-08
5.4681e-08
5.4425e-08
5.5028e-08
5.4698e-08
5.6368e-08
5.6063e-08
5.5608e-08
5.7521e-08
5.8664e-08
5.3922e-08
5.3859e-08
5.4348e-08
5.187e-08
5.3453e-08
5.3271e-08
5.0895e-08
4.9648e-08
4.875e-08
5.0103e-08
5.2713e-08
5.1358e-08
5.2227e-08
5.3e-08
5.2252e-08
5.0913e-08
5.1912e-08
5.2478e-08
5.3646e-08
5.2765e-08
5.3488e-08
5.3935e-08
5.5264e-08
5.1656e-08
5.0878e-08
4.9611e-08
4.8441e-08
5.5502e-08
5.668e-08
5.6226e-08
5.7013e-08
5.7368e-08
5.795e-08
5.78e-08
5.9137e-08
6.0535e-08
5.5853e-08
5.5516e-08
5.611e-08
5.4489e-08
5.4319e-08
5.4863e-08
5.4909e-08
5.4769e-08
5.4205e-08
5.238e-08
5.1012e-08
5.1876e-08
5.4346e-08
5.3641e-08
5.3072e-08
5.3099e-08
5.3658e-08
5.3501e-08
5.5822e-08
5.3674e-08
5.4652e-08
5.4577e-08
5.5014e-08
5.4817e-08
5.5972e-08
5.7715e-08
5.723e-08
5.2264e-08
5.3809e-08
5.1917e-08
5.0674e-08
5.7803e-08
5.7662e-08
5.8869e-08
6.2451e-08
5.914e-08
5.9196e-08
5.9835e-08
6.0153e-08
6.1305e-08
6.3423e-08
5.8434e-08
5.8561e-08
5.9711e-08
5.5903e-08
5.6018e-08
5.6635e-08
5.5799e-08
5.5569e-08
5.6478e-08
5.3451e-08
5.5136e-08
5.4503e-08
5.5034e-08
5.5103e-08
5.7403e-08
5.5862e-08
5.6197e-08
5.6479e-08
5.6341e-08
5.7688e-08
5.7969e-08
5.9948e-08
5.9537e-08
5.5444e-08
5.3379e-08
5.4935e-08
5.2941e-08
5.9887e-08
6.0844e-08
6.1773e-08
6.4397e-08
6.6374e-08
6.1233e-08
6.1662e-08
6.1726e-08
6.3127e-08
6.4744e-08
6.8398e-08
6.0697e-08
6.1898e-08
6.2211e-08
5.7467e-08
5.8669e-08
5.7648e-08
5.7566e-08
5.847e-08
5.7459e-08
5.6723e-08
5.8372e-08
5.5976e-08
5.6e-08
5.6991e-08
5.7643e-08
5.9054e-08
5.757e-08
5.8085e-08
5.7557e-08
5.9011e-08
5.9316e-08
6.1514e-08
6.198e-08
6.1065e-08
5.6846e-08
5.6524e-08
5.5282e-08
6.1855e-08
6.2905e-08
6.4716e-08
6.3673e-08
6.3413e-08
6.7977e-08
6.6374e-08
6.3883e-08
6.4656e-08
6.6044e-08
7.0437e-08
6.9288e-08
6.34e-08
6.3392e-08
6.38e-08
6.4708e-08
5.902e-08
5.9836e-08
6.0348e-08
5.9434e-08
5.9354e-08
6.0014e-08
5.7796e-08
6.0032e-08
5.8615e-08
5.853e-08
5.9447e-08
6.0173e-08
5.9506e-08
6.0286e-08
5.9951e-08
6.1247e-08
6.3073e-08
6.3459e-08
6.4834e-08
6.273e-08
5.8436e-08
5.9776e-08
5.7666e-08
6.6418e-08
6.4518e-08
6.6008e-08
6.5934e-08
6.5247e-08
6.6479e-08
6.7553e-08
7.2541e-08
6.7715e-08
6.6359e-08
6.9767e-08
7.1487e-08
6.6914e-08
6.6042e-08
6.6562e-08
6.0859e-08
6.2142e-08
6.1284e-08
6.2253e-08
6.1961e-08
6.1653e-08
6.094e-08
6.1631e-08
6.0069e-08
6.1678e-08
6.036e-08
6.023e-08
6.1199e-08
6.1473e-08
6.1859e-08
6.2173e-08
6.3689e-08
6.4736e-08
6.5925e-08
6.5625e-08
6.1349e-08
6.0112e-08
6.7658e-08
6.7074e-08
6.7664e-08
6.8356e-08
6.9373e-08
7.3541e-08
7.4662e-08
6.9035e-08
7.1564e-08
7.3063e-08
6.8077e-08
6.8017e-08
6.9031e-08
6.837e-08
6.3712e-08
6.2862e-08
6.3525e-08
6.3937e-08
6.347e-08
6.4019e-08
6.3364e-08
6.3924e-08
6.3268e-08
6.3099e-08
6.3453e-08
6.2359e-08
6.3014e-08
6.462e-08
6.3235e-08
6.4758e-08
6.5525e-08
6.7413e-08
6.711e-08
6.9515e-08
6.2638e-08
6.4006e-08
6.2617e-08
7.6832e-08
6.9289e-08
6.945e-08
6.9988e-08
7.144e-08
7.0763e-08
7.5381e-08
7.1742e-08
7.3784e-08
7.0895e-08
7.0235e-08
7.1437e-08
7.0781e-08
6.6165e-08
6.6165e-08
6.535e-08
6.4764e-08
6.5398e-08
6.585e-08
6.5176e-08
6.5596e-08
6.4831e-08
6.4947e-08
6.4703e-08
6.6798e-08
6.4931e-08
6.5363e-08
6.6471e-08
6.7567e-08
6.7283e-08
6.8908e-08
7.0415e-08
7.1326e-08
6.5966e-08
6.5172e-08
7.7932e-08
7.9037e-08
7.1285e-08
7.2659e-08
7.2941e-08
7.6404e-08
7.8138e-08
7.4296e-08
7.6083e-08
7.4697e-08
7.2879e-08
7.2645e-08
7.3075e-08
7.3034e-08
8.1276e-08
6.7961e-08
6.769e-08
6.6803e-08
6.8042e-08
6.7609e-08
6.7255e-08
6.8367e-08
6.7455e-08
6.6116e-08
6.7356e-08
6.9227e-08
6.917e-08
6.7363e-08
6.8327e-08
6.7169e-08
6.9301e-08
6.9922e-08
7.1635e-08
7.2856e-08
7.3082e-08
7.533e-08
6.793e-08
6.7803e-08
8.0662e-08
7.4469e-08
7.4743e-08
7.8015e-08
7.9921e-08
7.6831e-08
7.6117e-08
7.4717e-08
7.462e-08
7.507e-08
7.696e-08
8.2275e-08
8.3569e-08
7.0163e-08
6.9437e-08
6.9954e-08
6.8454e-08
6.9395e-08
7.0467e-08
6.9537e-08
6.9692e-08
7.1615e-08
6.8588e-08
6.9182e-08
7.1091e-08
7.2319e-08
6.9915e-08
7.1267e-08
7.0161e-08
7.147e-08
7.2163e-08
7.1825e-08
7.3165e-08
7.3695e-08
7.4877e-08
7.7572e-08
7.0474e-08
8.3405e-08
8.2052e-08
7.6513e-08
7.6649e-08
7.8855e-08
7.8914e-08
8.1602e-08
7.7865e-08
7.719e-08
7.6191e-08
7.6618e-08
7.9076e-08
8.5217e-08
8.5882e-08
8.5433e-08
7.1911e-08
7.3985e-08
7.2638e-08
7.4362e-08
7.1141e-08
7.3029e-08
7.2064e-08
7.226e-08
7.4223e-08
7.0725e-08
7.0987e-08
7.2526e-08
7.4137e-08
7.2279e-08
7.1851e-08
7.2625e-08
7.3626e-08
7.5079e-08
7.4697e-08
7.5789e-08
7.7107e-08
7.9254e-08
7.9695e-08
7.3235e-08
8.493e-08
8.364e-08
7.8202e-08
7.8614e-08
8.0568e-08
8.1927e-08
8.0939e-08
7.95e-08
8.1222e-08
7.8925e-08
7.9345e-08
8.1313e-08
8.8265e-08
9.0671e-08
8.7555e-08
8.7211e-08
7.5801e-08
7.5125e-08
7.6517e-08
7.5113e-08
7.5117e-08
7.3393e-08
7.4237e-08
7.4501e-08
7.5954e-08
7.6327e-08
7.3786e-08
7.5091e-08
7.7378e-08
7.5393e-08
7.3966e-08
7.5821e-08
7.762e-08
7.7154e-08
7.7489e-08
7.9023e-08
8.0623e-08
8.1262e-08
8.3186e-08
7.604e-08
9.3132e-08
8.581e-08
8.9006e-08
8.475e-08
8.0992e-08
8.3456e-08
8.1243e-08
8.2793e-08
8.3346e-08
8.132e-08
8.2812e-08
9.059e-08
8.9843e-08
9.3132e-08
7.7187e-08
7.8802e-08
7.6449e-08
7.8334e-08
7.8538e-08
7.57e-08
7.8635e-08
7.8277e-08
7.8387e-08
7.6851e-08
7.904e-08
7.8776e-08
7.7479e-08
7.7479e-08
8.5621e-08
7.8829e-08
7.8951e-08
7.9703e-08
8.1559e-08
8.2649e-08
8.3404e-08
8.4685e-08
7.8926e-08
9.5047e-08
9.5635e-08
9.8178e-08
9.1233e-08
8.7947e-08
8.9859e-08
8.5883e-08
8.8227e-08
8.4455e-08
8.451e-08
8.5827e-08
8.4777e-08
9.2638e-08
9.5093e-08
8.0054e-08
8.0573e-08
8.0854e-08
7.7768e-08
7.9021e-08
8.0625e-08
8.146e-08
7.8972e-08
8.0412e-08
8.0433e-08
7.9604e-08
8.0604e-08
8.0037e-08
8.246e-08
8.7876e-08
8.6936e-08
8.17e-08
8.3351e-08
8.4454e-08
8.6244e-08
8.6528e-08
8.1872e-08
9.6895e-08
9.8905e-08
1.0078e-07
9.3625e-08
9.2127e-08
9.0362e-08
8.7843e-08
8.6183e-08
8.7514e-08
8.7235e-08
8.9319e-08
9.0418e-08
9.721e-08
9.5472e-08
8.1922e-08
8.2353e-08
8.2672e-08
8.2912e-08
8.0222e-08
8.1353e-08
8.2828e-08
8.4641e-08
8.2712e-08
8.0944e-08
8.1979e-08
8.2475e-08
8.1683e-08
8.2361e-08
8.2623e-08
8.433e-08
8.6608e-08
8.9103e-08
8.9039e-08
8.4499e-08
8.5194e-08
8.6992e-08
8.8661e-08
8.3376e-08
1.0143e-07
9.9093e-08
1.0009e-07
1.0341e-07
9.5938e-08
9.4368e-08
9.0502e-08
9.2476e-08
9.1848e-08
8.9752e-08
8.9525e-08
9.166e-08
9.2195e-08
9.8358e-08
8.4223e-08
8.4438e-08
8.4813e-08
8.5748e-08
8.3202e-08
8.3737e-08
8.5288e-08
8.4711e-08
8.3816e-08
8.3957e-08
8.3376e-08
8.4341e-08
8.4131e-08
8.6338e-08
8.6441e-08
8.7754e-08
8.805e-08
9.0091e-08
9.1043e-08
8.7138e-08
8.9243e-08
9.0413e-08
8.4888e-08
1.0341e-07
1.0146e-07
1.0311e-07
1.0612e-07
1.0574e-07
9.7806e-08
9.6096e-08
9.1821e-08
9.4024e-08
9.1805e-08
9.3413e-08
9.3821e-08
9.4143e-08
1.0085e-07
8.8522e-08
8.6227e-08
8.7665e-08
8.9057e-08
8.5267e-08
8.6618e-08
8.8145e-08
8.6027e-08
8.5782e-08
8.8e-08
8.6419e-08
8.8251e-08
8.899e-08
9.0159e-08
9.058e-08
9.2128e-08
9.3953e-08
9.0681e-08
9.1832e-08
9.3202e-08
8.7982e-08
1.0323e-07
1.0606e-07
1.0432e-07
1.0886e-07
1.0896e-07
1.1167e-07
9.8514e-08
9.6578e-08
9.3903e-08
9.5896e-08
9.5305e-08
1.01e-07
9.5672e-08
9.6302e-08
9.6201e-08
9.645e-08
1.0325e-07
1.0537e-07
9.1056e-08
8.9529e-08
9.0859e-08
9.0401e-08
8.8196e-08
8.9093e-08
9.0544e-08
8.7715e-08
8.8198e-08
8.9773e-08
9.0216e-08
9.1132e-08
8.9555e-08
9.0669e-08
9.1284e-08
9.25e-08
9.3032e-08
9.5743e-08
9.7739e-08
9.2763e-08
9.2994e-08
9.4696e-08
9.5379e-08
9.1137e-08
1.0659e-07
1.0866e-07
1.1135e-07
1.1102e-07
1.1452e-07
9.9677e-08
9.8369e-08
9.7329e-08
9.8496e-08
1.0279e-07
9.7893e-08
9.9962e-08
9.8697e-08
1.0549e-07
1.0549e-07
1.0777e-07
9.4452e-08
9.1865e-08
9.3756e-08
9.2847e-08
9.0959e-08
9.241e-08
9.1764e-08
9.3221e-08
9.2666e-08
9.3333e-08
9.5687e-08
9.2737e-08
9.2698e-08
9.4503e-08
9.4587e-08
9.4781e-08
9.7658e-08
9.9786e-08
9.4872e-08
9.566e-08
9.7243e-08
9.7327e-08
9.4389e-08
1.0892e-07
1.1118e-07
1.1285e-07
1.1346e-07
1.157e-07
1.1743e-07
1.0246e-07
1.009e-07
1.005e-07
1.0044e-07
1.0348e-07
1.0019e-07
1.0168e-07
1.0107e-07
1.0785e-07
1.0637e-07
1.1033e-07
9.5974e-08
9.5028e-08
9.4968e-08
9.321e-08
9.4479e-08
9.5092e-08
9.6323e-08
9.7745e-08
9.7164e-08
9.6034e-08
9.6946e-08
9.6594e-08
9.7163e-08
1.015e-07
9.8153e-08
9.8178e-08
9.9972e-08
1.014e-07
9.7696e-08
1.1271e-07
1.1365e-07
1.1585e-07
1.1725e-07
1.1805e-07
1.1995e-07
1.204e-07
1.0487e-07
1.0426e-07
1.0296e-07
1.0244e-07
1.0519e-07
1.0747e-07
1.0403e-07
1.0381e-07
1.1072e-07
1.0862e-07
1.1012e-07
1.1314e-07
1.1526e-07
9.7514e-08
9.9281e-08
9.806e-08
9.6952e-08
9.6624e-08
9.7818e-08
9.9263e-08
9.9872e-08
1.0035e-07
9.853e-08
9.8836e-08
9.9436e-08
9.9507e-08
1.0398e-07
1.0101e-07
1.0073e-07
1.0265e-07
1.0111e-07
1.1586e-07
1.1861e-07
1.2121e-07
1.2229e-07
1.2341e-07
1.0686e-07
1.0769e-07
1.0758e-07
1.0562e-07
1.0765e-07
1.0695e-07
1.1053e-07
1.1293e-07
1.1279e-07
1.1241e-07
1.1801e-07
1.1518e-07
1.1726e-07
1.0211e-07
1.002e-07
1.0068e-07
1.0128e-07
1.003e-07
9.9843e-08
1.0203e-07
1.0305e-07
1.0207e-07
1.0153e-07
1.0261e-07
1.0087e-07
1.0098e-07
1.0264e-07
1.0347e-07
1.0605e-07
1.0307e-07
1.0512e-07
1.0548e-07
1.0459e-07
1.2651e-07
1.1992e-07
1.2119e-07
1.2804e-07
1.2138e-07
1.2401e-07
1.2589e-07
1.0935e-07
1.0924e-07
1.0832e-07
1.1028e-07
1.1002e-07
1.1074e-07
1.0923e-07
1.1317e-07
1.1581e-07
1.1501e-07
1.1984e-07
1.181e-07
1.2239e-07
1.0438e-07
1.0418e-07
1.0274e-07
1.0392e-07
1.0302e-07
1.0432e-07
1.0544e-07
1.041e-07
1.0458e-07
1.0427e-07
1.0504e-07
1.0327e-07
1.0372e-07
1.0596e-07
1.0557e-07
1.0781e-07
1.0673e-07
1.0793e-07
1.0727e-07
1.0637e-07
1.2965e-07
1.3111e-07
1.2253e-07
1.2371e-07
1.2993e-07
1.2625e-07
1.2879e-07
1.118e-07
1.1233e-07
1.1052e-07
1.1248e-07
1.1249e-07
1.1397e-07
1.135e-07
1.1585e-07
1.1909e-07
1.1871e-07
1.2226e-07
1.244e-07
1.0683e-07
1.0661e-07
1.063e-07
1.0763e-07
1.0641e-07
1.0825e-07
1.0768e-07
1.0687e-07
1.0787e-07
1.0613e-07
1.084e-07
1.0818e-07
1.1076e-07
1.1068e-07
1.1028e-07
1.0997e-07
1.0816e-07
1.3288e-07
1.3318e-07
1.2692e-07
1.2626e-07
1.3193e-07
1.2961e-07
1.1435e-07
1.1497e-07
1.1345e-07
1.1474e-07
1.1617e-07
1.272e-07
1.175e-07
1.2009e-07
1.2079e-07
1.2309e-07
1.2546e-07
1.0959e-07
1.1209e-07
1.0965e-07
1.1006e-07
1.0904e-07
1.1128e-07
1.1006e-07
1.0988e-07
1.0966e-07
1.1159e-07
1.0909e-07
1.105e-07
1.1084e-07
1.1374e-07
1.1396e-07
1.1301e-07
1.1278e-07
1.1183e-07
1.3615e-07
1.3951e-07
1.3649e-07
1.3639e-07
1.2942e-07
1.2895e-07
1.3431e-07
1.3251e-07
1.1774e-07
1.1621e-07
1.1716e-07
1.1729e-07
1.1889e-07
1.2945e-07
1.3247e-07
1.2086e-07
1.2264e-07
1.2431e-07
1.2736e-07
1.1532e-07
1.1231e-07
1.1144e-07
1.1289e-07
1.1283e-07
1.144e-07
1.1272e-07
1.1256e-07
1.1225e-07
1.1459e-07
1.1295e-07
1.1528e-07
1.1474e-07
1.1613e-07
1.1771e-07
1.1831e-07
1.1738e-07
1.1558e-07
1.3942e-07
1.4293e-07
1.4024e-07
1.3785e-07
1.3832e-07
1.3187e-07
1.356e-07
1.2097e-07
1.1927e-07
1.2095e-07
1.2279e-07
1.3519e-07
1.3035e-07
1.3333e-07
1.246e-07
1.2543e-07
1.2741e-07
1.2981e-07
1.1529e-07
1.1382e-07
1.1544e-07
1.1733e-07
1.153e-07
1.1477e-07
1.147e-07
1.1759e-07
1.1679e-07
1.1759e-07
1.1749e-07
1.1659e-07
1.1749e-07
1.1918e-07
1.1941e-07
1.1957e-07
1.1825e-07
1.211e-07
1.2094e-07
1.2221e-07
1.1944e-07
1.4292e-07
1.4643e-07
1.4348e-07
1.4152e-07
1.4103e-07
1.4637e-07
1.4652e-07
1.3843e-07
1.3621e-07
1.246e-07
1.2252e-07
1.242e-07
1.2547e-07
1.3796e-07
1.2785e-07
1.3281e-07
1.3562e-07
1.2825e-07
1.3122e-07
1.1827e-07
1.2e-07
1.1807e-07
1.2027e-07
1.1755e-07
1.1944e-07
1.2035e-07
1.2087e-07
1.2031e-07
1.2165e-07
1.2218e-07
1.2074e-07
1.2385e-07
1.2349e-07
1.2488e-07
1.2507e-07
1.2338e-07
1.4822e-07
1.5001e-07
1.4989e-07
1.4475e-07
1.4306e-07
1.4107e-07
1.5004e-07
1.4856e-07
1.403e-07
1.2775e-07
1.2533e-07
1.2715e-07
1.4138e-07
1.3871e-07
1.3741e-07
1.2984e-07
1.3017e-07
1.3575e-07
1.3247e-07
1.2223e-07
1.2231e-07
1.2205e-07
1.2214e-07
1.2198e-07
1.2314e-07
1.2405e-07
1.2308e-07
1.2439e-07
1.2419e-07
1.24e-07
1.2602e-07
1.237e-07
1.2525e-07
1.2646e-07
1.28e-07
1.2686e-07
1.2774e-07
1.2817e-07
1.2541e-07
1.5251e-07
1.5366e-07
1.5301e-07
1.4662e-07
1.4452e-07
1.5368e-07
1.5023e-07
1.4572e-07
1.4477e-07
1.3225e-07
1.3016e-07
1.2978e-07
1.4225e-07
1.402e-07
1.3887e-07
1.34e-07
1.3636e-07
1.346e-07
1.2495e-07
1.2519e-07
1.2739e-07
1.2563e-07
1.2674e-07
1.2541e-07
1.2643e-07
1.2661e-07
1.2683e-07
1.2916e-07
1.2778e-07
1.2796e-07
1.304e-07
1.3112e-07
1.3142e-07
1.3099e-07
1.3089e-07
1.2745e-07
1.5671e-07
1.5741e-07
1.5686e-07
1.6123e-07
1.5646e-07
1.4811e-07
1.5435e-07
1.5198e-07
1.4573e-07
1.484e-07
1.4803e-07
1.3388e-07
1.3392e-07
1.4202e-07
1.4012e-07
1.3696e-07
1.404e-07
1.3699e-07
1.385e-07
1.286e-07
1.314e-07
1.2959e-07
1.2952e-07
1.29e-07
1.2993e-07
1.2957e-07
1.2951e-07
1.2959e-07
1.3074e-07
1.3228e-07
1.332e-07
1.3424e-07
1.3336e-07
1.3447e-07
1.338e-07
1.3528e-07
1.3161e-07
1.6068e-07
1.6106e-07
1.5949e-07
1.6273e-07
1.6516e-07
1.5857e-07
1.4512e-07
1.4703e-07
1.509e-07
1.5469e-07
1.5754e-07
1.4895e-07
1.5132e-07
1.3663e-07
1.3696e-07
1.4255e-07
1.4255e-07
1.417e-07
1.3226e-07
1.3451e-07
1.3355e-07
1.3241e-07
1.3205e-07
1.3253e-07
1.3375e-07
1.3305e-07
1.3545e-07
1.3815e-07
1.3721e-07
1.3652e-07
1.3836e-07
1.3807e-07
1.386e-07
1.3589e-07
1.6432e-07
1.6351e-07
1.6301e-07
1.6667e-07
1.6605e-07
1.6917e-07
1.6135e-07
1.4557e-07
1.4857e-07
1.5132e-07
1.5543e-07
1.5858e-07
1.6116e-07
1.5425e-07
1.3964e-07
1.4232e-07
1.4594e-07
1.4468e-07
1.4579e-07
1.3554e-07
1.3731e-07
1.353e-07
1.366e-07
1.3737e-07
1.356e-07
1.3513e-07
1.3808e-07
1.3619e-07
1.388e-07
1.411e-07
1.3854e-07
1.4117e-07
1.4054e-07
1.4085e-07
1.4134e-07
1.4337e-07
1.403e-07
1.6829e-07
1.6595e-07
1.6712e-07
1.7033e-07
1.7122e-07
1.7329e-07
1.775e-07
1.6489e-07
1.5447e-07
1.4926e-07
1.5237e-07
1.6022e-07
1.6113e-07
1.6439e-07
1.5774e-07
1.6043e-07
1.4372e-07
1.4574e-07
1.4964e-07
1.4768e-07
1.4975e-07
1.3892e-07
1.4083e-07
1.4405e-07
1.3837e-07
1.3958e-07
1.4028e-07
1.3844e-07
1.4255e-07
1.4022e-07
1.4178e-07
1.4181e-07
1.4477e-07
1.4301e-07
1.4376e-07
1.4612e-07
1.4608e-07
1.4481e-07
1.8184e-07
1.7265e-07
1.7382e-07
1.6942e-07
1.7087e-07
1.7589e-07
1.8037e-07
1.7047e-07
1.6842e-07
1.5253e-07
1.5636e-07
1.5413e-07
1.596e-07
1.6397e-07
1.6731e-07
1.6179e-07
1.6394e-07
1.4863e-07
1.5018e-07
1.5279e-07
1.5203e-07
1.4608e-07
1.4798e-07
1.4305e-07
1.4568e-07
1.4746e-07
1.4159e-07
1.4455e-07
1.4346e-07
1.446e-07
1.4563e-07
1.472e-07
1.4774e-07
1.5185e-07
1.4971e-07
1.5136e-07
1.4948e-07
1.8627e-07
1.8427e-07
1.7676e-07
1.7657e-07
1.7282e-07
1.8102e-07
1.8534e-07
1.7387e-07
1.7213e-07
1.7097e-07
1.5682e-07
1.592e-07
1.6269e-07
1.6783e-07
1.6482e-07
1.5332e-07
1.5209e-07
1.5578e-07
1.5521e-07
1.5641e-07
1.4818e-07
1.5136e-07
1.5068e-07
1.5059e-07
1.4735e-07
1.5103e-07
1.4486e-07
1.4838e-07
1.4825e-07
1.4872e-07
1.4863e-07
1.5704e-07
1.5115e-07
1.5366e-07
1.5383e-07
1.5398e-07
1.5428e-07
1.8855e-07
1.9085e-07
1.9553e-07
1.8855e-07
1.804e-07
1.7672e-07
1.7932e-07
1.8443e-07
1.8986e-07
1.7682e-07
1.7483e-07
1.8062e-07
1.7198e-07
1.5994e-07
1.6318e-07
1.6524e-07
1.6837e-07
1.72e-07
1.5782e-07
1.6132e-07
1.6017e-07
1.655e-07
1.5154e-07
1.5673e-07
1.5432e-07
1.5519e-07
1.5503e-07
1.5141e-07
1.5488e-07
1.5061e-07
1.5209e-07
1.5257e-07
1.6039e-07
1.5774e-07
1.6071e-07
1.5613e-07
1.571e-07
1.5878e-07
1.5921e-07
2.0037e-07
1.9553e-07
1.9455e-07
1.8206e-07
1.8153e-07
1.8694e-07
1.8909e-07
1.9089e-07
1.9334e-07
1.7602e-07
1.7904e-07
1.8607e-07
1.8355e-07
1.7505e-07
1.642e-07
1.6707e-07
1.6789e-07
1.7043e-07
1.7449e-07
1.7105e-07
1.6276e-07
1.6515e-07
1.6875e-07
1.6004e-07
1.5516e-07
1.5799e-07
1.5867e-07
1.5973e-07
1.5701e-07
1.5842e-07
1.5481e-07
1.5654e-07
1.5715e-07
1.6354e-07
1.6086e-07
1.6373e-07
1.6184e-07
1.5954e-07
1.6211e-07
1.6347e-07
1.6431e-07
2.0534e-07
2.0258e-07
1.9918e-07
1.9965e-07
1.8695e-07
1.9275e-07
1.9731e-07
1.8981e-07
1.7891e-07
1.821e-07
1.8828e-07
1.7922e-07
1.6847e-07
1.7113e-07
1.7578e-07
1.7506e-07
1.6832e-07
1.7008e-07
1.7275e-07
1.6262e-07
1.6011e-07
1.6246e-07
1.6487e-07
1.6267e-07
1.6208e-07
1.5971e-07
1.5912e-07
1.6179e-07
1.6752e-07
1.707e-07
1.6401e-07
1.6681e-07
1.6485e-07
1.6483e-07
1.6792e-07
1.6643e-07
1.6708e-07
1.6956e-07
2.1046e-07
2.1575e-07
2.2686e-07
2.212e-07
2.0788e-07
2.1155e-07
2.327e-07
2.0414e-07
2.046e-07
2.0195e-07
1.9256e-07
1.9831e-07
1.9408e-07
1.9194e-07
2.7314e-07
2.3878e-07
2.6564e-07
2.5849e-07
2.5163e-07
2.4508e-07
2.7613e-07
2.8105e-07
3.2879e-07
1.8296e-07
1.893e-07
1.8403e-07
1.8193e-07
1.7408e-07
1.7435e-07
1.7761e-07
1.7977e-07
1.7343e-07
1.7679e-07
1.7433e-07
1.7698e-07
1.6586e-07
1.693e-07
1.662e-07
1.655e-07
1.6809e-07
1.7119e-07
1.6569e-07
1.6358e-07
1.627e-07
1.6558e-07
1.7059e-07
1.6837e-07
1.6821e-07
1.7205e-07
1.7057e-07
1.7499e-07
1.8061e-07
2.1575e-07
2.2976e-07
2.2199e-07
2.1097e-07
2.1552e-07
2.3614e-07
2.3282e-07
2.0914e-07
2.0714e-07
2.0586e-07
1.9723e-07
2.0163e-07
1.9748e-07
1.9394e-07
2.6877e-07
2.4403e-07
2.4345e-07
2.5928e-07
2.5001e-07
2.7335e-07
3.178e-07
3.2123e-07
2.8939e-07
2.9822e-07
3.0765e-07
2.8163e-07
2.8796e-07
3.2879e-07
1.8767e-07
1.9271e-07
1.8826e-07
1.8498e-07
1.7788e-07
1.818e-07
1.8466e-07
1.8856e-07
1.7454e-07
1.7855e-07
1.8075e-07
1.7837e-07
1.8002e-07
1.7497e-07
1.7028e-07
1.7307e-07
1.697e-07
1.6956e-07
1.7329e-07
1.6939e-07
1.6722e-07
1.6747e-07
1.7222e-07
1.7147e-07
1.7373e-07
1.7639e-07
1.757e-07
1.7857e-07
1.8204e-07
1.7699e-07
1.8348e-07
2.2212e-07
2.2686e-07
2.1388e-07
2.1899e-07
2.383e-07
2.3012e-07
2.1121e-07
2.1008e-07
2.0629e-07
2.0271e-07
2.0207e-07
1.9716e-07
2.4245e-07
2.6387e-07
2.4867e-07
2.5502e-07
2.5949e-07
2.7076e-07
2.7827e-07
3.1337e-07
3.2243e-07
2.9665e-07
3.0475e-07
2.9003e-07
3.2879e-07
1.9354e-07
1.9179e-07
1.8302e-07
1.863e-07
1.9094e-07
1.9271e-07
1.8258e-07
1.8063e-07
1.8429e-07
1.8308e-07
1.8411e-07
1.8669e-07
1.7915e-07
1.7636e-07
1.7451e-07
1.787e-07
1.7429e-07
1.7488e-07
1.7321e-07
1.7619e-07
1.7987e-07
1.8139e-07
1.8127e-07
1.8493e-07
1.8084e-07
1.864e-07
2.2429e-07
2.1743e-07
2.3591e-07
2.3048e-07
2.1405e-07
2.1095e-07
2.1079e-07
2.0737e-07
2.0552e-07
2.0177e-07
1.978e-07
2.3884e-07
2.4862e-07
2.6503e-07
2.5727e-07
2.7261e-07
2.8205e-07
3.2208e-07
3.1493e-07
3.023e-07
2.9325e-07
3.2879e-07
1.9633e-07
1.8826e-07
1.9088e-07
1.9571e-07
1.9794e-07
1.8436e-07
1.8758e-07
1.9024e-07
1.8831e-07
1.822e-07
1.8331e-07
1.7935e-07
1.7891e-07
1.8331e-07
1.7918e-07
1.7891e-07
1.7981e-07
1.8498e-07
1.8774e-07
1.8939e-07
1.8634e-07
1.8437e-07
1.9078e-07
1.9242e-07
2.2577e-07
2.1926e-07
2.2378e-07
2.3379e-07
2.4193e-07
2.1831e-07
2.1522e-07
2.1323e-07
2.0952e-07
2.0307e-07
2.0343e-07
2.4744e-07
2.5442e-07
2.6605e-07
2.5888e-07
2.7325e-07
2.896e-07
2.7958e-07
3.2028e-07
3.0986e-07
2.9793e-07
3.2879e-07
2.0208e-07
1.9139e-07
1.9342e-07
1.9568e-07
1.9993e-07
1.8797e-07
1.9191e-07
1.9178e-07
1.9531e-07
1.9354e-07
1.874e-07
1.861e-07
1.8329e-07
1.8677e-07
1.8265e-07
1.851e-07
1.8448e-07
1.899e-07
1.9137e-07
1.9551e-07
1.9022e-07
1.9425e-07
1.9866e-07
2.0049e-07
2.279e-07
2.3238e-07
2.2543e-07
2.4626e-07
2.3893e-07
2.2254e-07
2.1815e-07
2.1346e-07
2.1597e-07
2.0841e-07
2.098e-07
2.0938e-07
2.5342e-07
2.6059e-07
2.6779e-07
2.7638e-07
2.9179e-07
2.8253e-07
3.1735e-07
3.0599e-07
2.977e-07
3.2879e-07
2.0485e-07
1.9728e-07
2.0087e-07
2.0408e-07
1.9981e-07
1.9434e-07
1.9696e-07
1.9802e-07
1.9862e-07
1.9167e-07
1.9133e-07
1.8798e-07
1.8852e-07
1.8828e-07
1.9151e-07
1.9377e-07
1.9395e-07
1.9602e-07
1.9954e-07
1.9594e-07
2.0514e-07
2.0352e-07
2.0514e-07
2.3345e-07
2.2947e-07
2.4615e-07
2.5157e-07
2.3905e-07
2.4398e-07
2.232e-07
2.2824e-07
2.1507e-07
2.2122e-07
2.1313e-07
2.1606e-07
2.115e-07
2.1364e-07
2.5874e-07
2.8043e-07
2.66e-07
2.7296e-07
2.6381e-07
2.9107e-07
2.8653e-07
3.1787e-07
3.0877e-07
3.0342e-07
3.2879e-07
2.0888e-07
2.027e-07
2.0542e-07
2.0356e-07
2.0013e-07
2.0209e-07
2.0478e-07
1.9708e-07
1.9419e-07
1.9261e-07
1.9752e-07
1.9841e-07
1.993e-07
2.0087e-07
2.0335e-07
2.0221e-07
2.0233e-07
2.0848e-07
2.1187e-07
2.0634e-07
2.0992e-07
2.3605e-07
2.4976e-07
2.4196e-07
2.2617e-07
2.3085e-07
2.1981e-07
2.2557e-07
2.1383e-07
2.1719e-07
2.2006e-07
2.1644e-07
2.5436e-07
2.5101e-07
2.7431e-07
2.656e-07
2.9535e-07
2.8202e-07
2.9115e-07
3.1669e-07
3.0745e-07
3.2879e-07
2.074e-07
2.1164e-07
2.0682e-07
2.0458e-07
2.0923e-07
2.0616e-07
2.0689e-07
2.1075e-07
2.0571e-07
2.0161e-07
2.0048e-07
2.0111e-07
2.0252e-07
2.0408e-07
2.0775e-07
2.0786e-07
2.0804e-07
2.1355e-07
2.1891e-07
2.1093e-07
2.1364e-07
2.2252e-07
2.2625e-07
2.3927e-07
2.4513e-07
2.3038e-07
2.3598e-07
2.1657e-07
2.2764e-07
2.3203e-07
2.1865e-07
2.205e-07
2.258e-07
2.21e-07
2.594e-07
2.5008e-07
2.7478e-07
2.6798e-07
3.08e-07
2.9985e-07
2.847e-07
2.9194e-07
3.1786e-07
3.146e-07
3.2879e-07
2.1214e-07
2.1521e-07
2.0952e-07
2.1483e-07
2.1082e-07
2.1509e-07
2.1294e-07
2.1034e-07
2.0671e-07
2.0469e-07
2.0791e-07
2.0912e-07
2.1377e-07
2.1304e-07
2.1727e-07
2.1569e-07
2.3392e-07
2.2252e-07
2.2925e-07
2.4296e-07
2.3732e-07
2.4673e-07
2.2319e-07
2.3156e-07
2.3579e-07
2.2427e-07
2.2861e-07
2.5901e-07
2.5362e-07
2.7682e-07
2.6985e-07
2.6462e-07
3.0578e-07
2.9752e-07
2.8444e-07
3.1191e-07
3.2064e-07
3.2879e-07
2.2054e-07
2.2402e-07
2.1699e-07
2.1927e-07
2.1869e-07
2.1817e-07
2.2186e-07
2.1754e-07
2.1364e-07
2.1173e-07
2.1295e-07
2.1689e-07
2.2139e-07
2.1799e-07
2.2058e-07
2.2262e-07
2.2572e-07
2.3591e-07
2.3791e-07
2.2808e-07
2.3349e-07
2.4279e-07
2.4867e-07
2.2686e-07
2.2763e-07
2.3751e-07
2.3004e-07
2.3268e-07
2.5487e-07
2.619e-07
2.7496e-07
2.6974e-07
2.9701e-07
2.8927e-07
3.0117e-07
3.0943e-07
3.1915e-07
3.2879e-07
2.2626e-07
2.2382e-07
2.2943e-07
2.2344e-07
2.2573e-07
2.2514e-07
2.2706e-07
2.2656e-07
2.1886e-07
2.1834e-07
2.2415e-07
2.2365e-07
2.2773e-07
2.2659e-07
2.2752e-07
2.3071e-07
2.3791e-07
2.3993e-07
2.4197e-07
2.353e-07
2.4034e-07
2.4612e-07
2.4346e-07
2.317e-07
2.3903e-07
2.3693e-07
2.5749e-07
2.6384e-07
2.5378e-07
2.7716e-07
2.7137e-07
2.8396e-07
2.9376e-07
3.0486e-07
3.1704e-07
3.2879e-07
2.3238e-07
2.3171e-07
2.3696e-07
2.3156e-07
2.3319e-07
2.3025e-07
2.3129e-07
2.2525e-07
2.2861e-07
2.3127e-07
2.3218e-07
2.3267e-07
2.3581e-07
2.5047e-07
2.4618e-07
2.5944e-07
2.405e-07
2.4564e-07
2.6895e-07
2.4679e-07
2.3869e-07
2.4398e-07
2.6942e-07
2.6181e-07
2.5594e-07
2.4332e-07
2.81e-07
2.7588e-07
2.9179e-07
2.9927e-07
3.1085e-07
3.2026e-07
3.2879e-07
2.3766e-07
2.3674e-07
2.4047e-07
2.3721e-07
2.3865e-07
2.3651e-07
2.3695e-07
2.3234e-07
2.3658e-07
2.3973e-07
2.3815e-07
2.4088e-07
2.5489e-07
2.5145e-07
2.6365e-07
2.4628e-07
2.5299e-07
2.7392e-07
2.7909e-07
2.5042e-07
2.4776e-07
2.592e-07
2.6442e-07
2.5026e-07
2.4572e-07
2.8736e-07
2.7361e-07
2.8322e-07
2.9705e-07
3.0529e-07
3.1695e-07
3.2879e-07
2.4256e-07
2.4465e-07
2.4462e-07
2.4229e-07
2.4299e-07
2.4052e-07
2.4246e-07
2.4524e-07
2.4423e-07
2.4854e-07
2.5979e-07
2.6517e-07
2.5186e-07
2.5894e-07
2.8024e-07
2.7116e-07
2.7963e-07
2.8997e-07
2.5761e-07
2.6364e-07
2.5641e-07
2.7019e-07
2.772e-07
2.5366e-07
2.9152e-07
2.8402e-07
3.0514e-07
3.193e-07
3.2879e-07
2.5105e-07
2.5396e-07
2.5238e-07
2.4843e-07
2.4624e-07
2.4869e-07
2.5303e-07
2.4885e-07
2.5019e-07
2.5746e-07
2.6064e-07
2.6686e-07
2.6262e-07
2.7374e-07
2.8655e-07
2.8073e-07
3.1458e-07
3.0173e-07
2.9571e-07
3.2879e-07
2.5996e-07
2.6441e-07
2.8311e-07
2.7374e-07
2.5996e-07
3.0158e-07
2.943e-07
3.1561e-07
3.2879e-07
2.5959e-07
2.5782e-07
2.5436e-07
2.5434e-07
2.5869e-07
2.5532e-07
2.6538e-07
2.6672e-07
2.7066e-07
2.6977e-07
2.8218e-07
2.9342e-07
2.9316e-07
3.2066e-07
3.0799e-07
3.0142e-07
3.2879e-07
2.6649e-07
2.6758e-07
2.7226e-07
2.8988e-07
2.7997e-07
2.7141e-07
3.0306e-07
2.9734e-07
2.9759e-07
3.1718e-07
3.2879e-07
2.6527e-07
2.6055e-07
2.5989e-07
2.6402e-07
2.6611e-07
2.7194e-07
2.7365e-07
2.7791e-07
2.76e-07
2.8784e-07
2.9911e-07
3.0313e-07
3.1931e-07
3.0999e-07
3.2879e-07
2.7192e-07
2.8005e-07
2.8806e-07
2.8073e-07
2.7934e-07
3.0087e-07
3.1113e-07
3.2015e-07
3.2879e-07
2.6861e-07
2.7182e-07
2.6619e-07
2.757e-07
2.7789e-07
2.8287e-07
2.8218e-07
2.9561e-07
2.9134e-07
3.0404e-07
3.0846e-07
3.172e-07
3.2879e-07
2.7685e-07
2.8973e-07
2.8692e-07
2.8484e-07
2.9896e-07
3.0826e-07
3.1837e-07
3.2879e-07
2.7651e-07
2.8244e-07
2.8496e-07
2.9059e-07
3.0052e-07
2.9822e-07
3.0824e-07
3.1412e-07
3.2879e-07
2.8444e-07
2.9414e-07
2.9325e-07
2.9241e-07
3.0226e-07
3.1679e-07
3.2879e-07
2.8701e-07
2.9308e-07
3.0193e-07
3.0724e-07
3.1758e-07
3.2879e-07
2.9498e-07
3.0086e-07
3.001e-07
3.0974e-07
3.1953e-07
3.2879e-07
2.9959e-07
3.1011e-07
3.1758e-07
3.2879e-07
3.0499e-07
3.1065e-07
3.114e-07
3.2879e-07
3.1349e-07
3.2879e-07
3.1727e-07
3.2004e-07
3.2879e-07
3.2879e-07
3.2879e-07
