0
0
0
0
0
0
0
0
0
0
0
0
0
0
0
0
0
0
0
0
0
0
0
0
0
0
0
0
0
0
0
0
0
0
0
0
0
0
0
0
0
0
0
0
0
0
0
0
0
0
0
0
0
0
0
0
0
0
0
0
0
0
0
0
0
0
0
0
0
0
0
0
0
0
0
0
0
0
0
0
0
0
0
0
0
0
0
0
0
0
0
0
0
0
0
0
0
0
0
0
0
0
0
0
0
0
0
0
0
0
0
0
0
0
0
0
0
0
0
0
0
0
0
0
0
0
0
0
0
0
0
0
0
0
0
0
0
0
0
0
0
0
0
0
0
0
0
0
0
0
0
0
0
0
0
0
0
9.153e-11
0
0
0
0
0
0
0
0
0
0
0
0
0
0
0
0
0
0
0
0
0
0
0
0
0
0
0
0
0
0
0
0
0
1.1134e-12
2.358e-10
4.6889e-10
6.8657e-10
0
0
0
0
0
0
0
0
0
0
0
0
0
0
0
0
0
0
0
0
0
0
0
4.5174e-12
0
0
9.153e-11
1.2102e-10
3.0108e-11
7.9052e-11
1.1999e-10
1.429e-10
1.1015e-09
3.493e-10
6.0446e-10
8.8056e-10
0
0
0
0
0
0
0
0
0
0
0
0
0
0
0
0
0
0
6.0611e-11
0
0
1.1112e-11
2.0832e-10
1.1192e-10
2.9713e-10
3.3213e-11
1.8982e-10
3.7406e-10
7.1535e-10
5.3275e-10
4.5904e-10
4.2259e-10
1.5789e-09
7.8435e-10
5.1243e-10
7.1832e-10
1.3278e-09
7.9059e-10
1.1015e-09
1.9924e-09
0
0
0
0
0
0
0
0
0
0
0
0
0
0
7.2571e-11
1.25e-10
4.5229e-10
7.6551e-11
2.8445e-10
5.3822e-10
4.686e-10
7.0058e-10
8.0822e-10
2.682e-10
3.2284e-10
5.9809e-10
9.9726e-10
1.4027e-09
1.1901e-09
1.186e-09
9.2179e-10
1.0678e-09
1.2865e-09
2.6929e-09
1.3218e-09
1.5116e-09
1.9329e-09
1.7684e-09
2.9985e-09
0
5.0324e-11
6.5282e-10
1.0955e-09
0
1.0505e-10
3.6313e-11
5.425e-11
0
6.2404e-11
1.0935e-10
8.3531e-11
0
0
9.7773e-10
4.1946e-10
7.2698e-10
5.7604e-10
7.5826e-10
1.2122e-09
1.4228e-09
1.4345e-09
8.6464e-10
1.1365e-09
1.1359e-09
1.9709e-09
1.7967e-09
1.9868e-09
4.0018e-09
2.6849e-09
2.02e-09
1.6958e-09
1.8365e-09
2.2908e-09
2.5623e-09
3.6659e-09
2.4973e-09
2.6595e-09
3.6129e-09
3.0939e-09
2.4565e-10
6.5305e-10
1.6116e-09
1.0977e-09
1.8715e-10
4.2977e-10
2.5813e-10
3.4077e-10
3.8473e-10
5.5476e-10
6.667e-10
1.1545e-09
3.4115e-10
9.153e-11
1.3131e-09
1.6494e-09
1.2558e-09
1.2232e-09
1.1855e-09
2.0312e-09
2.2336e-09
2.4665e-09
1.9091e-09
1.7022e-09
1.8459e-09
2.5261e-09
2.9732e-09
2.6341e-09
2.9583e-09
4.3466e-09
4.7207e-09
5.4706e-09
3.7083e-09
2.9406e-09
2.843e-09
3.1938e-09
3.4386e-09
4.3275e-09
3.5596e-09
4.4531e-09
4.1179e-09
2.7821e-09
8.3894e-10
1.7128e-09
5.3914e-10
1.0934e-09
7.0764e-10
9.6556e-10
1.3649e-09
8.4887e-10
1.2935e-09
7.5142e-10
1.633e-09
6.8657e-10
1.9492e-09
2.5283e-09
2.1118e-09
2.0071e-09
2.8331e-09
3.1756e-09
3.5078e-09
3.8211e-09
2.7874e-09
2.5142e-09
3.5703e-09
3.8111e-09
3.7068e-09
3.9925e-09
4.6424e-09
7.1102e-09
5.5026e-09
6.6601e-09
4.4913e-09
3.8073e-09
4.2889e-09
5.4706e-09
5.0446e-09
5.1127e-09
5.5632e-09
3.6118e-09
2.6553e-09
1.7361e-09
1.107e-09
1.7004e-09
1.3967e-09
1.7575e-09
2.2724e-09
1.7506e-09
2.3725e-09
2.342e-09
1.5789e-09
3.2749e-09
2.859e-09
3.0569e-09
3.6261e-09
4.3141e-09
3.8389e-09
4.0521e-09
4.7826e-09
4.4698e-09
5.0017e-09
4.5466e-09
5.0521e-09
4.5173e-09
3.382e-09
4.0562e-09
8.8954e-09
1.0818e-08
4.968e-09
4.8396e-09
5.0249e-09
5.7882e-09
8.4325e-09
6.5503e-09
7.4472e-09
5.3407e-09
5.7683e-09
6.2546e-09
6.2252e-09
6.6964e-09
3.7485e-09
3.1436e-09
2.7981e-09
2.0813e-09
2.1492e-09
2.6843e-09
3.1746e-09
3.0256e-09
3.4009e-09
3.333e-09
2.6929e-09
5.0009e-09
6.1193e-09
4.7524e-09
4.2605e-09
5.2036e-09
5.6699e-09
5.0325e-09
5.6898e-09
5.9981e-09
5.6816e-09
5.4816e-09
6.1637e-09
5.5362e-09
4.764e-09
5.8476e-09
1.1827e-08
9.8382e-09
1.1322e-08
5.9218e-09
6.4929e-09
7.3575e-09
9.5674e-09
7.882e-09
8.9875e-09
6.8792e-09
6.7141e-09
7.1889e-09
7.8461e-09
7.7382e-09
7.8291e-09
4.8084e-09
4.0069e-09
3.7382e-09
3.6584e-09
3.4558e-09
4.0245e-09
3.9796e-09
4.3304e-09
4.7207e-09
4.3466e-09
4.0018e-09
5.9443e-09
5.7682e-09
7.1102e-09
7.414e-09
5.5105e-09
6.679e-09
6.9651e-09
6.4209e-09
7.2261e-09
8.3874e-09
6.8428e-09
6.8556e-09
6.5184e-09
7.3451e-09
7.1895e-09
6.551e-09
1.2873e-08
1.2336e-08
1.1689e-08
8.8833e-09
7.4428e-09
8.4624e-09
1.0564e-08
9.3128e-09
7.9423e-09
9.0778e-09
9.03e-09
9.4964e-09
4.862e-09
4.5994e-09
5.2502e-09
5.0969e-09
6.6768e-09
6.3825e-09
5.3383e-09
5.7169e-09
5.0954e-09
4.7207e-09
7.4519e-09
7.909e-09
8.0891e-09
8.4013e-09
8.7409e-09
7.4146e-09
8.4223e-09
8.0327e-09
8.811e-09
9.6975e-09
8.3743e-09
8.3791e-09
8.2734e-09
8.6809e-09
8.8946e-09
1.395e-08
1.5056e-08
1.3721e-08
1.2245e-08
1.0161e-08
9.5722e-09
8.4863e-09
1.0901e-08
1.0093e-08
1.2584e-08
1.0786e-08
1.0864e-08
5.8371e-09
7.0554e-09
6.272e-09
6.1898e-09
7.8033e-09
6.502e-09
6.2797e-09
5.4706e-09
9.2052e-09
9.3521e-09
9.774e-09
1.0618e-08
9.3477e-09
9.5858e-09
9.9047e-09
9.9084e-09
1.1085e-08
9.7863e-09
1.0419e-08
9.6013e-09
9.8618e-09
9.9686e-09
1.5658e-08
1.626e-08
1.7487e-08
1.641e-08
1.523e-08
1.3938e-08
1.4537e-08
1.157e-08
1.0792e-08
1.0694e-08
1.2089e-08
1.357e-08
1.5146e-08
1.2173e-08
1.2278e-08
1.3121e-08
7.0896e-09
8.2026e-09
7.7658e-09
7.132e-09
9.3917e-09
1.0385e-08
7.6441e-09
8.8954e-09
7.1102e-09
1.8764e-08
1.054e-08
1.0672e-08
1.1792e-08
1.1871e-08
1.129e-08
1.0818e-08
1.0758e-08
1.123e-08
1.2024e-08
1.2611e-08
1.2847e-08
1.2408e-08
1.0925e-08
1.1886e-08
1.0876e-08
1.1524e-08
1.1257e-08
1.7776e-08
1.6973e-08
1.5962e-08
1.6461e-08
1.2105e-08
1.3026e-08
1.2862e-08
1.4011e-08
1.655e-08
1.4934e-08
1.4567e-08
8.5847e-09
9.6902e-09
8.9046e-09
9.2675e-09
1.1239e-08
1.1331e-08
1.2853e-08
1.0459e-08
9.8474e-09
8.8954e-09
1.9404e-08
2.005e-08
2.2756e-08
1.2456e-08
1.2131e-08
1.3654e-08
1.3889e-08
1.2392e-08
1.2015e-08
1.2999e-08
1.4648e-08
1.5117e-08
1.4382e-08
1.3602e-08
1.399e-08
1.2895e-08
1.3371e-08
1.2493e-08
1.2937e-08
1.9142e-08
1.9302e-08
1.8397e-08
1.788e-08
1.3796e-08
1.4588e-08
1.4441e-08
1.5818e-08
1.6279e-08
1.8275e-08
1.5782e-08
1.6052e-08
1.0557e-08
1.0332e-08
1.2264e-08
1.4565e-08
1.2935e-08
1.4307e-08
1.1827e-08
1.1827e-08
1.0818e-08
2.1401e-08
2.3454e-08
2.4167e-08
2.5597e-08
1.4344e-08
1.5141e-08
1.8121e-08
1.5817e-08
1.3993e-08
1.52e-08
1.6648e-08
1.6281e-08
1.5136e-08
1.5485e-08
1.5243e-08
1.578e-08
1.4533e-08
1.4093e-08
1.4122e-08
2.1766e-08
1.9997e-08
2.1363e-08
1.962e-08
1.9977e-08
1.6397e-08
1.7105e-08
1.8718e-08
1.7237e-08
1.9541e-08
1.8004e-08
1.7754e-08
1.1624e-08
1.3584e-08
1.6084e-08
1.5875e-08
1.4781e-08
1.319e-08
1.3698e-08
1.395e-08
1.2873e-08
2.3535e-08
2.4881e-08
2.8564e-08
2.7058e-08
1.6706e-08
1.6785e-08
2.0458e-08
2.0604e-08
1.8537e-08
1.5895e-08
1.6652e-08
1.8381e-08
1.7818e-08
1.8278e-08
1.6763e-08
1.6888e-08
1.7754e-08
1.6235e-08
1.6482e-08
1.5971e-08
1.7971e-08
1.7898e-08
2.5144e-08
2.3103e-08
2.1532e-08
2.1297e-08
2.1558e-08
1.8941e-08
2.1223e-08
2.0416e-08
1.9555e-08
1.3906e-08
1.5505e-08
1.7571e-08
1.853e-08
1.7557e-08
1.7113e-08
1.5103e-08
1.5753e-08
1.5056e-08
2.5626e-08
3.0075e-08
2.9205e-08
2.7716e-08
1.8406e-08
1.8474e-08
2.1603e-08
2.2508e-08
2.2086e-08
2.0216e-08
1.7316e-08
2.0065e-08
1.9685e-08
1.8403e-08
1.8675e-08
1.8877e-08
1.9369e-08
1.851e-08
1.9735e-08
2.0049e-08
2.6786e-08
2.5375e-08
2.4072e-08
2.3011e-08
2.2908e-08
2.1722e-08
2.2634e-08
2.1705e-08
2.3441e-08
1.6096e-08
1.7089e-08
1.8773e-08
1.9556e-08
2.013e-08
1.9266e-08
1.7418e-08
1.7953e-08
1.6319e-08
2.821e-08
3.1652e-08
3.086e-08
3.0075e-08
3.1333e-08
3.2909e-08
1.9978e-08
2.0996e-08
2.2126e-08
2.3582e-08
2.3832e-08
2.4925e-08
2.2376e-08
2.1793e-08
1.9815e-08
2.1013e-08
2.127e-08
2.417e-08
2.0861e-08
2.0532e-08
2.1255e-08
2.1477e-08
2.1685e-08
2.1807e-08
2.6986e-08
2.8513e-08
2.5447e-08
2.5115e-08
2.4547e-08
2.455e-08
2.5653e-08
1.8576e-08
2.0482e-08
2.1191e-08
2.2349e-08
2.1181e-08
1.9238e-08
1.9879e-08
1.7613e-08
3.1717e-08
3.4858e-08
3.3133e-08
3.5268e-08
2.2767e-08
2.3038e-08
2.4087e-08
2.4501e-08
2.5824e-08
2.6717e-08
2.6215e-08
2.3501e-08
2.245e-08
2.3217e-08
2.6726e-08
2.5648e-08
2.2734e-08
2.3052e-08
2.3955e-08
2.3335e-08
2.4289e-08
2.746e-08
2.9548e-08
3.0375e-08
2.7324e-08
2.674e-08
2.7524e-08
2.7731e-08
2.1714e-08
2.2251e-08
2.3471e-08
2.5522e-08
2.3372e-08
2.2314e-08
2.1734e-08
2.0316e-08
3.2619e-08
3.4062e-08
3.8198e-08
3.745e-08
3.5253e-08
2.4886e-08
2.5655e-08
2.5535e-08
2.6303e-08
2.7351e-08
2.8564e-08
2.7924e-08
2.8468e-08
2.9231e-08
2.5694e-08
2.5538e-08
2.5597e-08
2.8841e-08
2.4647e-08
2.5099e-08
2.7006e-08
2.5446e-08
2.7321e-08
2.6571e-08
2.9756e-08
3.2237e-08
2.8886e-08
3.1021e-08
3.1047e-08
2.9637e-08
3.0119e-08
3.1154e-08
2.7575e-08
2.353e-08
2.4462e-08
2.6503e-08
2.391e-08
2.3162e-08
3.4195e-08
3.5335e-08
3.5393e-08
3.652e-08
4.0715e-08
3.8919e-08
3.8125e-08
2.6764e-08
2.8169e-08
3.0324e-08
2.8801e-08
2.9344e-08
3.0839e-08
3.0921e-08
3.0811e-08
2.7633e-08
2.7714e-08
3.0091e-08
2.716e-08
2.8808e-08
2.9283e-08
2.9009e-08
2.8218e-08
2.8575e-08
3.2765e-08
3.2249e-08
3.2767e-08
3.507e-08
3.2802e-08
3.3339e-08
2.9796e-08
2.5568e-08
2.547e-08
2.6709e-08
3.0263e-08
2.9044e-08
2.6478e-08
2.4659e-08
3.6515e-08
3.7294e-08
3.9203e-08
4.3263e-08
4.1945e-08
4.0601e-08
3.227e-08
2.982e-08
3.229e-08
3.1358e-08
3.2077e-08
3.3414e-08
3.4499e-08
3.3215e-08
3.2127e-08
3.015e-08
3.2318e-08
2.9828e-08
3.0716e-08
3.1143e-08
3.0805e-08
3.0743e-08
3.4783e-08
3.4455e-08
3.7102e-08
3.6485e-08
3.568e-08
3.5589e-08
3.2895e-08
3.2102e-08
2.7921e-08
2.8812e-08
3.0773e-08
2.8348e-08
2.6161e-08
3.8529e-08
3.9878e-08
3.9603e-08
4.1708e-08
4.3901e-08
4.5918e-08
4.3603e-08
3.4293e-08
3.4902e-08
3.2961e-08
3.4878e-08
3.4903e-08
3.4245e-08
3.6969e-08
3.649e-08
3.5084e-08
3.6119e-08
3.4178e-08
3.4358e-08
3.2613e-08
3.2251e-08
3.2962e-08
3.3187e-08
3.6579e-08
3.732e-08
4.0135e-08
3.8593e-08
3.9077e-08
3.7812e-08
3.4629e-08
3.6776e-08
3.3735e-08
2.9672e-08
3.0672e-08
3.01e-08
2.9307e-08
4.1489e-08
4.2702e-08
4.3494e-08
4.4267e-08
4.4876e-08
4.5797e-08
4.8594e-08
4.7097e-08
5.1384e-08
4.6581e-08
3.7687e-08
3.6145e-08
3.6581e-08
3.8863e-08
3.8772e-08
3.8701e-08
3.9807e-08
3.8111e-08
4.0255e-08
3.7446e-08
3.6577e-08
3.9272e-08
3.6745e-08
3.5715e-08
3.6781e-08
3.4851e-08
3.5703e-08
3.6903e-08
3.9612e-08
4.0729e-08
4.0195e-08
3.9949e-08
4.1465e-08
4.2267e-08
4.4981e-08
4.1171e-08
4.1519e-08
3.679e-08
3.9067e-08
3.4329e-08
3.6379e-08
3.248e-08
3.1376e-08
3.0925e-08
4.4519e-08
4.5369e-08
4.6177e-08
4.7108e-08
4.9987e-08
4.9291e-08
5.2785e-08
5.4193e-08
4.9353e-08
4.0986e-08
3.9818e-08
4.0784e-08
4.1084e-08
4.0934e-08
4.2199e-08
4.2873e-08
4.238e-08
4.0088e-08
3.8954e-08
4.1488e-08
3.8201e-08
3.8207e-08
3.7064e-08
3.9015e-08
4.0775e-08
4.0553e-08
4.2331e-08
4.2709e-08
4.3e-08
4.4628e-08
4.7437e-08
4.6886e-08
4.3363e-08
4.4787e-08
4.4934e-08
4.4003e-08
4.2633e-08
4.0554e-08
3.8218e-08
3.5575e-08
3.7686e-08
3.426e-08
3.259e-08
4.757e-08
4.9787e-08
5.1438e-08
4.9631e-08
4.97e-08
5.2795e-08
5.5631e-08
5.7115e-08
6.0054e-08
5.4087e-08
5.3979e-08
4.3056e-08
4.2612e-08
4.3194e-08
4.4253e-08
4.509e-08
4.514e-08
4.5042e-08
4.3516e-08
4.2604e-08
4.2036e-08
4.0823e-08
4.3233e-08
4.4131e-08
4.5004e-08
4.517e-08
4.5762e-08
4.7853e-08
4.6285e-08
4.997e-08
4.9254e-08
4.6872e-08
4.8532e-08
4.6721e-08
4.5145e-08
4.378e-08
4.0554e-08
3.7029e-08
3.9532e-08
3.6006e-08
5.1001e-08
5.2636e-08
5.2577e-08
5.1969e-08
6.311e-08
5.7739e-08
6.158e-08
5.7845e-08
5.649e-08
5.5615e-08
4.5468e-08
4.4855e-08
4.586e-08
4.755e-08
4.7889e-08
4.8226e-08
4.784e-08
4.7481e-08
4.5283e-08
4.4353e-08
4.6287e-08
4.6636e-08
4.7372e-08
4.8952e-08
4.8608e-08
5.0629e-08
5.0755e-08
5.3769e-08
5.1815e-08
4.9896e-08
5.014e-08
5.182e-08
5.0683e-08
4.9178e-08
4.7687e-08
4.6134e-08
4.4075e-08
4.217e-08
3.9553e-08
5.4107e-08
5.5613e-08
5.6664e-08
5.598e-08
5.6397e-08
6.4288e-08
6.6183e-08
6.237e-08
5.9381e-08
5.8268e-08
5.8062e-08
4.8528e-08
4.7642e-08
5.0697e-08
5.0116e-08
5.0597e-08
5.0951e-08
4.9778e-08
5.1596e-08
4.9194e-08
4.8613e-08
4.8818e-08
4.9293e-08
5.1234e-08
5.1834e-08
5.2771e-08
5.4044e-08
5.3335e-08
5.4597e-08
5.5074e-08
5.5715e-08
5.3045e-08
5.3294e-08
5.1854e-08
5.0228e-08
4.8856e-08
4.7176e-08
4.4866e-08
4.3236e-08
5.8558e-08
6.9373e-08
5.8199e-08
5.9558e-08
5.989e-08
6.0642e-08
6.6747e-08
6.2924e-08
6.5544e-08
6.2375e-08
5.1285e-08
5.3565e-08
5.2922e-08
5.3941e-08
5.3006e-08
5.4779e-08
5.1477e-08
5.1408e-08
5.1943e-08
5.3938e-08
5.4474e-08
5.4423e-08
5.6271e-08
5.6399e-08
5.736e-08
5.6735e-08
6.0439e-08
5.6312e-08
5.7836e-08
5.8271e-08
5.5787e-08
5.5748e-08
5.5175e-08
5.2927e-08
5.1222e-08
4.9653e-08
4.7082e-08
7.2585e-08
6.1967e-08
6.355e-08
7.0977e-08
6.2395e-08
6.3344e-08
6.3675e-08
6.9051e-08
6.5113e-08
6.7679e-08
6.5875e-08
5.4832e-08
5.6675e-08
5.614e-08
5.5754e-08
5.7458e-08
5.7674e-08
5.5967e-08
5.8592e-08
5.6478e-08
5.6495e-08
5.8237e-08
5.9457e-08
6.3841e-08
6.0741e-08
6.3444e-08
6.0122e-08
6.0295e-08
5.9452e-08
5.7995e-08
5.7554e-08
5.5421e-08
5.4094e-08
5.2421e-08
5.1054e-08
7.3812e-08
7.5906e-08
6.6129e-08
6.5489e-08
6.6468e-08
7.4227e-08
6.6731e-08
6.8024e-08
7.1476e-08
6.8163e-08
6.8696e-08
5.784e-08
5.9586e-08
5.9084e-08
5.8817e-08
5.9751e-08
6.0462e-08
6.241e-08
6.2758e-08
6.1712e-08
6.0193e-08
5.9896e-08
6.1022e-08
6.1523e-08
6.3337e-08
6.3314e-08
6.6657e-08
6.5817e-08
6.3579e-08
6.3062e-08
6.4892e-08
6.0158e-08
6.1526e-08
6.4621e-08
5.912e-08
5.7059e-08
5.6001e-08
5.515e-08
7.6323e-08
7.926e-08
7.7158e-08
6.864e-08
6.9583e-08
7.0613e-08
7.5097e-08
7.0536e-08
7.081e-08
7.2647e-08
7.3149e-08
6.243e-08
6.1604e-08
6.1192e-08
6.3514e-08
6.2445e-08
6.5158e-08
6.5296e-08
6.7206e-08
6.3208e-08
6.3486e-08
6.4914e-08
6.5996e-08
6.5882e-08
6.7883e-08
6.6642e-08
6.9563e-08
6.8776e-08
6.6839e-08
6.7498e-08
6.6669e-08
7.3358e-08
7.387e-08
6.7602e-08
6.261e-08
6.485e-08
6.1402e-08
5.9222e-08
5.9389e-08
8.2711e-08
7.9382e-08
8.1463e-08
7.8714e-08
8.018e-08
7.1881e-08
7.3505e-08
7.3332e-08
7.3464e-08
7.7882e-08
7.382e-08
7.5998e-08
8.0443e-08
6.8113e-08
6.6055e-08
6.5414e-08
6.6978e-08
6.8568e-08
7.0061e-08
7.063e-08
6.6729e-08
6.9004e-08
6.9309e-08
7.1259e-08
6.9642e-08
6.9778e-08
7.1358e-08
7.0237e-08
6.9276e-08
6.9732e-08
7.4545e-08
7.7135e-08
7.7401e-08
7.0425e-08
6.8382e-08
6.4065e-08
6.2831e-08
6.1574e-08
8.6212e-08
8.4888e-08
8.2887e-08
8.28e-08
8.3348e-08
7.5254e-08
7.6926e-08
7.7737e-08
7.7363e-08
8.0572e-08
7.7623e-08
8.3494e-08
7.3198e-08
7.0949e-08
6.978e-08
6.9452e-08
7.2202e-08
7.3905e-08
7.1988e-08
7.2979e-08
7.3443e-08
7.318e-08
7.3538e-08
7.2565e-08
7.4658e-08
7.3167e-08
7.5442e-08
7.7717e-08
8.0189e-08
8.0573e-08
8.1354e-08
7.3789e-08
7.2301e-08
7.091e-08
6.8133e-08
6.6357e-08
6.3788e-08
8.9793e-08
8.9478e-08
8.7099e-08
8.5794e-08
8.6431e-08
8.8956e-08
7.9415e-08
8.3121e-08
7.9912e-08
8.2923e-08
8.1416e-08
8.5965e-08
7.6341e-08
7.5613e-08
7.3013e-08
7.3249e-08
7.6096e-08
7.6607e-08
7.655e-08
7.6333e-08
8.0266e-08
7.742e-08
7.621e-08
7.6098e-08
7.8366e-08
7.5639e-08
7.7892e-08
7.8193e-08
7.8894e-08
8.165e-08
8.3429e-08
8.4888e-08
8.5232e-08
8.5336e-08
7.9524e-08
7.8143e-08
7.5544e-08
7.458e-08
7.1737e-08
6.9662e-08
6.8309e-08
9.3443e-08
9.4334e-08
9.2383e-08
8.8947e-08
9.0337e-08
9.2174e-08
8.6376e-08
8.4712e-08
8.5709e-08
8.846e-08
8.9723e-08
7.9134e-08
7.8321e-08
7.931e-08
7.9637e-08
8.1025e-08
8.3174e-08
8.0973e-08
8.0341e-08
7.905e-08
8.141e-08
7.9401e-08
8.1512e-08
8.1406e-08
8.4775e-08
8.6862e-08
8.8444e-08
8.9559e-08
8.7978e-08
8.9783e-08
8.2278e-08
8.152e-08
8.0781e-08
7.7308e-08
8.0017e-08
7.5135e-08
7.2952e-08
9.7155e-08
9.7329e-08
9.5204e-08
9.3641e-08
9.333e-08
9.5771e-08
9.0802e-08
8.999e-08
9.2656e-08
9.5309e-08
8.2449e-08
8.3341e-08
8.2402e-08
8.4107e-08
8.6087e-08
8.3871e-08
8.36e-08
8.4221e-08
8.4423e-08
8.342e-08
8.4842e-08
8.8019e-08
9.1863e-08
9.1352e-08
9.0464e-08
9.3287e-08
9.1241e-08
9.6377e-08
9.2128e-08
9.3211e-08
8.5571e-08
8.412e-08
8.3976e-08
8.3078e-08
7.9529e-08
7.7328e-08
1.0096e-07
1.0177e-07
9.8333e-08
1.048e-07
9.9989e-08
9.8629e-08
9.9227e-08
9.8469e-08
9.4183e-08
9.6852e-08
1.0079e-07
8.7064e-08
8.6078e-08
8.5779e-08
8.7219e-08
8.9087e-08
8.6611e-08
8.8696e-08
8.7835e-08
8.742e-08
8.7433e-08
8.9086e-08
9.3014e-08
9.0764e-08
9.4447e-08
9.3476e-08
9.3004e-08
9.7215e-08
9.4461e-08
9.9527e-08
9.6088e-08
9.6368e-08
8.7276e-08
8.9405e-08
8.6895e-08
8.6229e-08
8.9223e-08
8.6102e-08
8.3046e-08
8.1788e-08
1.0492e-07
1.0431e-07
1.0876e-07
1.051e-07
1.0257e-07
1.0347e-07
1.0419e-07
1.0071e-07
9.8437e-08
1.04e-07
9.0589e-08
9.0874e-08
9.138e-08
8.9173e-08
9.2234e-08
9.1705e-08
9.0156e-08
9.3044e-08
9.1498e-08
9.7173e-08
9.2453e-08
9.609e-08
9.4471e-08
9.7463e-08
9.866e-08
1.0063e-07
9.964e-08
1.0261e-07
1.011e-07
1.0253e-07
9.1289e-08
9.4438e-08
9.2388e-08
9.2463e-08
9.0508e-08
8.8707e-08
8.6373e-08
1.1012e-07
1.0762e-07
1.1275e-07
1.0942e-07
1.0665e-07
1.0788e-07
1.0721e-07
1.0314e-07
1.072e-07
9.4435e-08
9.4448e-08
9.5174e-08
9.3066e-08
9.8738e-08
9.5e-08
9.5189e-08
9.7017e-08
9.5813e-08
9.961e-08
1.0021e-07
9.7878e-08
9.8697e-08
1.0145e-07
1.0197e-07
1.0409e-07
1.0457e-07
1.0535e-07
1.053e-07
1.0578e-07
9.7682e-08
9.5765e-08
9.5301e-08
9.4542e-08
9.2791e-08
9.5694e-08
9.1093e-08
1.1584e-07
1.1228e-07
1.1347e-07
1.1686e-07
1.1224e-07
1.1256e-07
1.1035e-07
1.1115e-07
1.0901e-07
9.7414e-08
9.7833e-08
9.9088e-08
1.005e-07
1.0127e-07
1.0113e-07
9.9894e-08
9.9296e-08
1.0032e-07
1.0258e-07
1.0266e-07
1.0426e-07
1.0303e-07
1.0585e-07
1.0479e-07
1.0734e-07
1.0796e-07
1.0881e-07
1.1066e-07
1.1078e-07
1.0043e-07
9.8857e-08
9.8018e-08
9.971e-08
9.8381e-08
9.5895e-08
1.1905e-07
1.1669e-07
1.1756e-07
1.2102e-07
1.1907e-07
1.1624e-07
1.1537e-07
1.1493e-07
1.1458e-07
1.0252e-07
1.0619e-07
1.0408e-07
1.0459e-07
1.0368e-07
1.0485e-07
1.0495e-07
1.0338e-07
1.0526e-07
1.0648e-07
1.1045e-07
1.087e-07
1.0776e-07
1.0803e-07
1.1123e-07
1.0879e-07
1.1004e-07
1.1629e-07
1.1154e-07
1.1262e-07
1.1412e-07
1.0294e-07
1.0169e-07
1.027e-07
1.0162e-07
1.0088e-07
1.2178e-07
1.2266e-07
1.2237e-07
1.2526e-07
1.244e-07
1.1988e-07
1.2026e-07
1.1814e-07
1.1873e-07
1.074e-07
1.1064e-07
1.0814e-07
1.0649e-07
1.0811e-07
1.0686e-07
1.0847e-07
1.0858e-07
1.0888e-07
1.1222e-07
1.1101e-07
1.1361e-07
1.1432e-07
1.119e-07
1.1521e-07
1.1278e-07
1.1481e-07
1.1609e-07
1.1979e-07
1.1591e-07
1.1764e-07
1.0555e-07
1.0838e-07
1.1008e-07
1.052e-07
1.0595e-07
1.0724e-07
1.0594e-07
1.2796e-07
1.2958e-07
1.2603e-07
1.2681e-07
1.2755e-07
1.2962e-07
1.2651e-07
1.241e-07
1.2209e-07
1.2198e-07
1.2402e-07
1.1304e-07
1.1159e-07
1.1694e-07
1.1176e-07
1.1195e-07
1.1409e-07
1.1305e-07
1.1536e-07
1.15e-07
1.1728e-07
1.1931e-07
1.1753e-07
1.1685e-07
1.1842e-07
1.1878e-07
1.1999e-07
1.2159e-07
1.2147e-07
1.096e-07
1.1253e-07
1.0868e-07
1.1207e-07
1.0985e-07
1.0854e-07
1.3025e-07
1.3114e-07
1.3397e-07
1.2961e-07
1.2959e-07
1.3324e-07
1.2733e-07
1.2761e-07
1.2775e-07
1.258e-07
1.2088e-07
1.1472e-07
1.1436e-07
1.1932e-07
1.1498e-07
1.1694e-07
1.1641e-07
1.1743e-07
1.2322e-07
1.1796e-07
1.19e-07
1.2287e-07
1.2349e-07
1.2296e-07
1.2041e-07
1.2035e-07
1.2274e-07
1.2125e-07
1.2308e-07
1.2194e-07
1.2393e-07
1.2397e-07
1.257e-07
1.1498e-07
1.2008e-07
1.1574e-07
1.1312e-07
1.1115e-07
1.3265e-07
1.3434e-07
1.3332e-07
1.3545e-07
1.3622e-07
1.3847e-07
1.3239e-07
1.3741e-07
1.4299e-07
1.3198e-07
1.3178e-07
1.295e-07
1.2934e-07
1.254e-07
1.1924e-07
1.235e-07
1.1936e-07
1.2026e-07
1.2255e-07
1.2138e-07
1.2888e-07
1.2318e-07
1.2663e-07
1.2768e-07
1.2955e-07
1.2434e-07
1.2767e-07
1.2649e-07
1.2775e-07
1.2632e-07
1.2728e-07
1.2902e-07
1.3119e-07
1.3066e-07
1.3379e-07
1.2598e-07
1.2367e-07
1.1994e-07
1.1921e-07
1.1649e-07
1.3764e-07
1.37e-07
1.3852e-07
1.3769e-07
1.4189e-07
1.4112e-07
1.3998e-07
1.448e-07
1.4767e-07
1.3574e-07
1.3558e-07
1.3681e-07
1.3057e-07
1.3455e-07
1.341e-07
1.2811e-07
1.2498e-07
1.2272e-07
1.2612e-07
1.3269e-07
1.2928e-07
1.3147e-07
1.3341e-07
1.3153e-07
1.2816e-07
1.3068e-07
1.321e-07
1.3504e-07
1.3282e-07
1.3464e-07
1.3577e-07
1.3911e-07
1.3003e-07
1.2807e-07
1.2488e-07
1.2194e-07
1.3971e-07
1.4268e-07
1.4153e-07
1.4351e-07
1.4441e-07
1.4587e-07
1.455e-07
1.4886e-07
1.5238e-07
1.406e-07
1.3975e-07
1.4124e-07
1.3716e-07
1.3673e-07
1.381e-07
1.3822e-07
1.3787e-07
1.3645e-07
1.3185e-07
1.2841e-07
1.3058e-07
1.368e-07
1.3503e-07
1.336e-07
1.3366e-07
1.3507e-07
1.3467e-07
1.4052e-07
1.3511e-07
1.3757e-07
1.3738e-07
1.3848e-07
1.3799e-07
1.4089e-07
1.4528e-07
1.4406e-07
1.3156e-07
1.3545e-07
1.3069e-07
1.2756e-07
1.455e-07
1.4515e-07
1.4819e-07
1.5721e-07
1.4887e-07
1.4901e-07
1.5062e-07
1.5142e-07
1.5432e-07
1.5965e-07
1.4709e-07
1.4741e-07
1.5031e-07
1.4072e-07
1.4101e-07
1.4256e-07
1.4046e-07
1.3988e-07
1.4217e-07
1.3455e-07
1.3879e-07
1.372e-07
1.3853e-07
1.3871e-07
1.445e-07
1.4062e-07
1.4146e-07
1.4217e-07
1.4182e-07
1.4521e-07
1.4592e-07
1.509e-07
1.4987e-07
1.3957e-07
1.3437e-07
1.3829e-07
1.3327e-07
1.5075e-07
1.5316e-07
1.555e-07
1.621e-07
1.6708e-07
1.5414e-07
1.5522e-07
1.5538e-07
1.5891e-07
1.6298e-07
1.7217e-07
1.5279e-07
1.5581e-07
1.566e-07
1.4466e-07
1.4768e-07
1.4511e-07
1.4491e-07
1.4718e-07
1.4464e-07
1.4278e-07
1.4694e-07
1.409e-07
1.4097e-07
1.4346e-07
1.451e-07
1.4865e-07
1.4492e-07
1.4621e-07
1.4488e-07
1.4855e-07
1.4931e-07
1.5485e-07
1.5602e-07
1.5371e-07
1.431e-07
1.4228e-07
1.3916e-07
1.557e-07
1.5835e-07
1.6291e-07
1.6028e-07
1.5963e-07
1.7111e-07
1.6708e-07
1.6081e-07
1.6276e-07
1.6625e-07
1.7731e-07
1.7441e-07
1.5959e-07
1.5957e-07
1.606e-07
1.6289e-07
1.4857e-07
1.5062e-07
1.5191e-07
1.4961e-07
1.4941e-07
1.5107e-07
1.4549e-07
1.5112e-07
1.4755e-07
1.4733e-07
1.4964e-07
1.5147e-07
1.4979e-07
1.5175e-07
1.5091e-07
1.5417e-07
1.5877e-07
1.5974e-07
1.632e-07
1.5791e-07
1.471e-07
1.5047e-07
1.4516e-07
1.6719e-07
1.6241e-07
1.6616e-07
1.6597e-07
1.6424e-07
1.6734e-07
1.7005e-07
1.826e-07
1.7046e-07
1.6704e-07
1.7562e-07
1.7995e-07
1.6844e-07
1.6624e-07
1.6755e-07
1.532e-07
1.5643e-07
1.5427e-07
1.5671e-07
1.5597e-07
1.552e-07
1.534e-07
1.5514e-07
1.5121e-07
1.5526e-07
1.5194e-07
1.5161e-07
1.5405e-07
1.5474e-07
1.5571e-07
1.5651e-07
1.6032e-07
1.6296e-07
1.6595e-07
1.6519e-07
1.5443e-07
1.5132e-07
1.7031e-07
1.6884e-07
1.7033e-07
1.7207e-07
1.7463e-07
1.8512e-07
1.8794e-07
1.7378e-07
1.8014e-07
1.8392e-07
1.7137e-07
1.7121e-07
1.7377e-07
1.721e-07
1.6038e-07
1.5824e-07
1.5991e-07
1.6094e-07
1.5977e-07
1.6115e-07
1.595e-07
1.6091e-07
1.5926e-07
1.5883e-07
1.5973e-07
1.5697e-07
1.5862e-07
1.6266e-07
1.5918e-07
1.6301e-07
1.6494e-07
1.6969e-07
1.6893e-07
1.7499e-07
1.5768e-07
1.6112e-07
1.5762e-07
1.934e-07
1.7442e-07
1.7482e-07
1.7618e-07
1.7983e-07
1.7813e-07
1.8975e-07
1.8059e-07
1.8573e-07
1.7846e-07
1.768e-07
1.7982e-07
1.7817e-07
1.6655e-07
1.6655e-07
1.645e-07
1.6303e-07
1.6462e-07
1.6576e-07
1.6406e-07
1.6512e-07
1.632e-07
1.6349e-07
1.6287e-07
1.6815e-07
1.6345e-07
1.6453e-07
1.6732e-07
1.7008e-07
1.6937e-07
1.7346e-07
1.7725e-07
1.7954e-07
1.6605e-07
1.6405e-07
1.9617e-07
1.9896e-07
1.7944e-07
1.829e-07
1.8361e-07
1.9233e-07
1.9669e-07
1.8702e-07
1.9152e-07
1.8803e-07
1.8345e-07
1.8287e-07
1.8395e-07
1.8384e-07
2.0459e-07
1.7107e-07
1.7039e-07
1.6816e-07
1.7128e-07
1.7019e-07
1.693e-07
1.721e-07
1.698e-07
1.6643e-07
1.6955e-07
1.7426e-07
1.7412e-07
1.6957e-07
1.72e-07
1.6908e-07
1.7445e-07
1.7601e-07
1.8032e-07
1.834e-07
1.8397e-07
1.8962e-07
1.71e-07
1.7068e-07
2.0304e-07
1.8746e-07
1.8815e-07
1.9638e-07
2.0118e-07
1.934e-07
1.916e-07
1.8808e-07
1.8784e-07
1.8897e-07
1.9373e-07
2.0711e-07
2.1036e-07
1.7662e-07
1.7479e-07
1.7609e-07
1.7231e-07
1.7468e-07
1.7738e-07
1.7504e-07
1.7543e-07
1.8027e-07
1.7265e-07
1.7415e-07
1.7895e-07
1.8204e-07
1.7599e-07
1.794e-07
1.7661e-07
1.7991e-07
1.8165e-07
1.808e-07
1.8418e-07
1.8551e-07
1.8848e-07
1.9527e-07
1.774e-07
2.0995e-07
2.0654e-07
1.926e-07
1.9294e-07
1.985e-07
1.9864e-07
2.0541e-07
1.96e-07
1.9431e-07
1.9179e-07
1.9287e-07
1.9905e-07
2.1451e-07
2.1619e-07
2.1506e-07
1.8102e-07
1.8624e-07
1.8285e-07
1.8719e-07
1.7908e-07
1.8383e-07
1.814e-07
1.8189e-07
1.8684e-07
1.7803e-07
1.7869e-07
1.8257e-07
1.8662e-07
1.8194e-07
1.8087e-07
1.8281e-07
1.8533e-07
1.8899e-07
1.8803e-07
1.9078e-07
1.941e-07
1.995e-07
2.0061e-07
1.8435e-07
2.1379e-07
2.1054e-07
1.9685e-07
1.9789e-07
2.0281e-07
2.0623e-07
2.0374e-07
2.0012e-07
2.0445e-07
1.9867e-07
1.9973e-07
2.0469e-07
2.2218e-07
2.2824e-07
2.204e-07
2.1953e-07
1.9081e-07
1.8911e-07
1.9261e-07
1.8908e-07
1.8909e-07
1.8475e-07
1.8687e-07
1.8754e-07
1.912e-07
1.9213e-07
1.8574e-07
1.8902e-07
1.9478e-07
1.8978e-07
1.8619e-07
1.9086e-07
1.9539e-07
1.9422e-07
1.9506e-07
1.9892e-07
2.0295e-07
2.0456e-07
2.094e-07
1.9141e-07
2.3444e-07
2.16e-07
2.2405e-07
2.1334e-07
2.0388e-07
2.1008e-07
2.0451e-07
2.0841e-07
2.098e-07
2.047e-07
2.0846e-07
2.2804e-07
2.2616e-07
2.3444e-07
1.943e-07
1.9836e-07
1.9244e-07
1.9719e-07
1.977e-07
1.9056e-07
1.9794e-07
1.9704e-07
1.9732e-07
1.9345e-07
1.9896e-07
1.983e-07
1.9503e-07
1.9503e-07
2.1553e-07
1.9843e-07
1.9874e-07
2.0063e-07
2.053e-07
2.0805e-07
2.0995e-07
2.1317e-07
1.9868e-07
2.3926e-07
2.4074e-07
2.4714e-07
2.2966e-07
2.2138e-07
2.262e-07
2.1619e-07
2.2209e-07
2.1259e-07
2.1273e-07
2.1605e-07
2.134e-07
2.3319e-07
2.3937e-07
2.0152e-07
2.0282e-07
2.0353e-07
1.9576e-07
1.9892e-07
2.0295e-07
2.0505e-07
1.9879e-07
2.0242e-07
2.0247e-07
2.0038e-07
2.029e-07
2.0147e-07
2.0757e-07
2.2121e-07
2.1884e-07
2.0566e-07
2.0981e-07
2.1259e-07
2.171e-07
2.1781e-07
2.0609e-07
2.4391e-07
2.4897e-07
2.5369e-07
2.3568e-07
2.3191e-07
2.2746e-07
2.2112e-07
2.1694e-07
2.2029e-07
2.1959e-07
2.2484e-07
2.276e-07
2.447e-07
2.4033e-07
2.0622e-07
2.073e-07
2.081e-07
2.0871e-07
2.0194e-07
2.0479e-07
2.085e-07
2.1306e-07
2.0821e-07
2.0375e-07
2.0636e-07
2.0761e-07
2.0562e-07
2.0732e-07
2.0798e-07
2.1228e-07
2.1801e-07
2.2429e-07
2.2413e-07
2.127e-07
2.1445e-07
2.1898e-07
2.2318e-07
2.0988e-07
2.5531e-07
2.4944e-07
2.5195e-07
2.6031e-07
2.415e-07
2.3755e-07
2.2782e-07
2.3279e-07
2.312e-07
2.2593e-07
2.2536e-07
2.3073e-07
2.3208e-07
2.4759e-07
2.1201e-07
2.1255e-07
2.1349e-07
2.1585e-07
2.0944e-07
2.1079e-07
2.1469e-07
2.1324e-07
2.1098e-07
2.1134e-07
2.0988e-07
2.1231e-07
2.1178e-07
2.1733e-07
2.1759e-07
2.209e-07
2.2164e-07
2.2678e-07
2.2918e-07
2.1935e-07
2.2465e-07
2.2759e-07
2.1368e-07
2.6031e-07
2.554e-07
2.5955e-07
2.6714e-07
2.6618e-07
2.462e-07
2.419e-07
2.3113e-07
2.3668e-07
2.3109e-07
2.3514e-07
2.3617e-07
2.3698e-07
2.5386e-07
2.2283e-07
2.1705e-07
2.2067e-07
2.2418e-07
2.1464e-07
2.1804e-07
2.2188e-07
2.1655e-07
2.1593e-07
2.2152e-07
2.1754e-07
2.2215e-07
2.2401e-07
2.2695e-07
2.2801e-07
2.3191e-07
2.365e-07
2.2827e-07
2.3116e-07
2.3461e-07
2.2147e-07
2.5986e-07
2.6697e-07
2.626e-07
2.7403e-07
2.7427e-07
2.8109e-07
2.4798e-07
2.4311e-07
2.3638e-07
2.4139e-07
2.399e-07
2.5424e-07
2.4083e-07
2.4242e-07
2.4216e-07
2.4279e-07
2.5991e-07
2.6524e-07
2.2921e-07
2.2537e-07
2.2871e-07
2.2756e-07
2.2201e-07
2.2427e-07
2.2792e-07
2.208e-07
2.2202e-07
2.2598e-07
2.2709e-07
2.294e-07
2.2543e-07
2.2824e-07
2.2978e-07
2.3285e-07
2.3418e-07
2.4101e-07
2.4603e-07
2.3351e-07
2.3409e-07
2.3837e-07
2.4009e-07
2.2941e-07
2.6832e-07
2.7352e-07
2.8029e-07
2.7945e-07
2.8827e-07
2.5091e-07
2.4762e-07
2.45e-07
2.4794e-07
2.5876e-07
2.4642e-07
2.5163e-07
2.4844e-07
2.6554e-07
2.6555e-07
2.7128e-07
2.3776e-07
2.3125e-07
2.3601e-07
2.3372e-07
2.2897e-07
2.3262e-07
2.3099e-07
2.3466e-07
2.3326e-07
2.3494e-07
2.4087e-07
2.3344e-07
2.3334e-07
2.3789e-07
2.381e-07
2.3859e-07
2.4583e-07
2.5119e-07
2.3882e-07
2.408e-07
2.4479e-07
2.45e-07
2.376e-07
2.7418e-07
2.7987e-07
2.8406e-07
2.8561e-07
2.9124e-07
2.9559e-07
2.5792e-07
2.5399e-07
2.5299e-07
2.5284e-07
2.6048e-07
2.5221e-07
2.5595e-07
2.5443e-07
2.7149e-07
2.6775e-07
2.7773e-07
2.4159e-07
2.3921e-07
2.3906e-07
2.3463e-07
2.3783e-07
2.3937e-07
2.4247e-07
2.4605e-07
2.4458e-07
2.4174e-07
2.4404e-07
2.4315e-07
2.4458e-07
2.5551e-07
2.4707e-07
2.4714e-07
2.5165e-07
2.5524e-07
2.4592e-07
2.8372e-07
2.8609e-07
2.9162e-07
2.9516e-07
2.9716e-07
3.0195e-07
3.0307e-07
2.6399e-07
2.6246e-07
2.5918e-07
2.5787e-07
2.6478e-07
2.7054e-07
2.6186e-07
2.6132e-07
2.787e-07
2.7342e-07
2.772e-07
2.848e-07
2.9013e-07
2.4547e-07
2.4991e-07
2.4684e-07
2.4405e-07
2.4323e-07
2.4623e-07
2.4987e-07
2.514e-07
2.526e-07
2.4802e-07
2.4879e-07
2.5031e-07
2.5048e-07
2.6175e-07
2.5427e-07
2.5355e-07
2.5839e-07
2.5452e-07
2.9166e-07
2.9856e-07
3.0512e-07
3.0784e-07
3.1066e-07
2.6898e-07
2.7108e-07
2.7081e-07
2.6587e-07
2.7098e-07
2.6923e-07
2.7823e-07
2.8427e-07
2.8391e-07
2.8296e-07
2.9706e-07
2.8994e-07
2.9518e-07
2.5705e-07
2.5223e-07
2.5343e-07
2.5494e-07
2.5248e-07
2.5133e-07
2.5683e-07
2.5941e-07
2.5693e-07
2.5557e-07
2.5829e-07
2.539e-07
2.542e-07
2.5836e-07
2.6046e-07
2.6695e-07
2.5946e-07
2.6461e-07
2.6551e-07
2.6328e-07
3.1846e-07
3.0186e-07
3.0506e-07
3.2231e-07
3.0555e-07
3.1217e-07
3.169e-07
2.7525e-07
2.7498e-07
2.7268e-07
2.7759e-07
2.7694e-07
2.7875e-07
2.7497e-07
2.8488e-07
2.9151e-07
2.8951e-07
3.0166e-07
2.9729e-07
3.0808e-07
2.6274e-07
2.6225e-07
2.5863e-07
2.6159e-07
2.5933e-07
2.626e-07
2.6542e-07
2.6205e-07
2.6324e-07
2.6248e-07
2.6442e-07
2.5996e-07
2.6108e-07
2.6672e-07
2.6575e-07
2.714e-07
2.6866e-07
2.7169e-07
2.7001e-07
2.6776e-07
3.2636e-07
3.3002e-07
3.0844e-07
3.114e-07
3.2707e-07
3.178e-07
3.2419e-07
2.8142e-07
2.8276e-07
2.7819e-07
2.8315e-07
2.8315e-07
2.869e-07
2.8571e-07
2.9162e-07
2.9977e-07
2.9881e-07
3.0777e-07
3.1314e-07
2.6891e-07
2.6836e-07
2.6758e-07
2.7093e-07
2.6787e-07
2.7249e-07
2.7106e-07
2.6902e-07
2.7152e-07
2.6715e-07
2.7288e-07
2.7232e-07
2.788e-07
2.7861e-07
2.7761e-07
2.7683e-07
2.7227e-07
3.3449e-07
3.3524e-07
3.1948e-07
3.1783e-07
3.3209e-07
3.2625e-07
2.8784e-07
2.894e-07
2.8558e-07
2.8882e-07
2.9242e-07
3.202e-07
2.9577e-07
3.023e-07
3.0405e-07
3.0985e-07
3.1583e-07
2.7587e-07
2.8215e-07
2.7602e-07
2.7706e-07
2.7449e-07
2.8011e-07
2.7704e-07
2.766e-07
2.7605e-07
2.809e-07
2.746e-07
2.7815e-07
2.7902e-07
2.863e-07
2.8686e-07
2.8447e-07
2.8389e-07
2.815e-07
3.4273e-07
3.5118e-07
3.4359e-07
3.4332e-07
3.2578e-07
3.2459e-07
3.381e-07
3.3356e-07
2.9639e-07
2.9254e-07
2.9492e-07
2.9525e-07
2.9928e-07
3.2586e-07
3.3346e-07
3.0424e-07
3.0872e-07
3.1293e-07
3.2059e-07
2.903e-07
2.8272e-07
2.8053e-07
2.8417e-07
2.8402e-07
2.8798e-07
2.8375e-07
2.8334e-07
2.8257e-07
2.8844e-07
2.8432e-07
2.9018e-07
2.8883e-07
2.9231e-07
2.9632e-07
2.9781e-07
2.9547e-07
2.9093e-07
3.5096e-07
3.598e-07
3.5301e-07
3.4699e-07
3.482e-07
3.3195e-07
3.4135e-07
3.0451e-07
3.0023e-07
3.0446e-07
3.0908e-07
3.403e-07
3.2812e-07
3.3562e-07
3.1366e-07
3.1574e-07
3.2071e-07
3.2677e-07
2.9021e-07
2.8651e-07
2.9059e-07
2.9534e-07
2.9024e-07
2.889e-07
2.8872e-07
2.9599e-07
2.9398e-07
2.96e-07
2.9576e-07
2.9348e-07
2.9576e-07
3e-07
3.0058e-07
3.0099e-07
2.9767e-07
3.0484e-07
3.0442e-07
3.0764e-07
3.0066e-07
3.5976e-07
3.6861e-07
3.6117e-07
3.5623e-07
3.5501e-07
3.6845e-07
3.6883e-07
3.4846e-07
3.4288e-07
3.1365e-07
3.0842e-07
3.1264e-07
3.1584e-07
3.4729e-07
3.2184e-07
3.343e-07
3.4138e-07
3.2284e-07
3.303e-07
2.9773e-07
3.0206e-07
2.972e-07
3.0275e-07
2.959e-07
3.0067e-07
3.0296e-07
3.0427e-07
3.0286e-07
3.0622e-07
3.0754e-07
3.0394e-07
3.1177e-07
3.1085e-07
3.1435e-07
3.1484e-07
3.1058e-07
3.731e-07
3.7761e-07
3.7731e-07
3.6437e-07
3.601e-07
3.5511e-07
3.7768e-07
3.7397e-07
3.5317e-07
3.2158e-07
3.1549e-07
3.2006e-07
3.5589e-07
3.4917e-07
3.4589e-07
3.2685e-07
3.2766e-07
3.417e-07
3.3346e-07
3.0768e-07
3.0788e-07
3.0723e-07
3.0744e-07
3.0706e-07
3.0997e-07
3.1226e-07
3.0983e-07
3.1312e-07
3.1263e-07
3.1213e-07
3.1721e-07
3.1138e-07
3.1528e-07
3.1834e-07
3.2222e-07
3.1934e-07
3.2154e-07
3.2265e-07
3.1568e-07
3.839e-07
3.8681e-07
3.8515e-07
3.6907e-07
3.638e-07
3.8685e-07
3.7816e-07
3.6682e-07
3.6443e-07
3.329e-07
3.2764e-07
3.2669e-07
3.5809e-07
3.5292e-07
3.4958e-07
3.373e-07
3.4324e-07
3.3881e-07
3.1454e-07
3.1513e-07
3.2068e-07
3.1624e-07
3.1905e-07
3.1568e-07
3.1825e-07
3.187e-07
3.1926e-07
3.2513e-07
3.2164e-07
3.2211e-07
3.2824e-07
3.3007e-07
3.3082e-07
3.2973e-07
3.2949e-07
3.2082e-07
3.9449e-07
3.9624e-07
3.9485e-07
4.0586e-07
3.9384e-07
3.7284e-07
3.8853e-07
3.8258e-07
3.6684e-07
3.7355e-07
3.7261e-07
3.3702e-07
3.371e-07
3.5749e-07
3.5272e-07
3.4476e-07
3.5343e-07
3.4483e-07
3.4864e-07
3.2371e-07
3.3077e-07
3.2621e-07
3.2603e-07
3.2471e-07
3.2705e-07
3.2615e-07
3.26e-07
3.2622e-07
3.2911e-07
3.3299e-07
3.3531e-07
3.3792e-07
3.3569e-07
3.3848e-07
3.368e-07
3.4054e-07
3.313e-07
4.0447e-07
4.0542e-07
4.0149e-07
4.0962e-07
4.1575e-07
3.9916e-07
3.6529e-07
3.701e-07
3.7986e-07
3.894e-07
3.9657e-07
3.7495e-07
3.809e-07
3.4393e-07
3.4475e-07
3.5882e-07
3.5882e-07
3.5668e-07
3.3294e-07
3.3859e-07
3.3618e-07
3.333e-07
3.324e-07
3.336e-07
3.3667e-07
3.3492e-07
3.4096e-07
3.4776e-07
3.454e-07
3.4365e-07
3.4827e-07
3.4757e-07
3.4889e-07
3.4208e-07
4.1364e-07
4.116e-07
4.1034e-07
4.1956e-07
4.1799e-07
4.2583e-07
4.0615e-07
3.6644e-07
3.74e-07
3.8092e-07
3.9125e-07
3.9919e-07
4.0568e-07
3.8828e-07
3.515e-07
3.5825e-07
3.6736e-07
3.6419e-07
3.67e-07
3.4119e-07
3.4565e-07
3.4058e-07
3.4387e-07
3.4579e-07
3.4134e-07
3.4016e-07
3.4757e-07
3.4283e-07
3.4939e-07
3.5518e-07
3.4874e-07
3.5537e-07
3.5378e-07
3.5455e-07
3.5579e-07
3.6091e-07
3.5317e-07
4.2362e-07
4.1774e-07
4.2067e-07
4.2875e-07
4.31e-07
4.3621e-07
4.4681e-07
4.1506e-07
3.8884e-07
3.7572e-07
3.8355e-07
4.0332e-07
4.0561e-07
4.1382e-07
3.9708e-07
4.0384e-07
3.6177e-07
3.6686e-07
3.7667e-07
3.7174e-07
3.7697e-07
3.497e-07
3.545e-07
3.626e-07
3.4832e-07
3.5137e-07
3.5312e-07
3.4848e-07
3.5882e-07
3.5297e-07
3.5688e-07
3.5698e-07
3.6443e-07
3.5999e-07
3.6188e-07
3.6782e-07
3.6771e-07
3.6453e-07
4.5773e-07
4.3461e-07
4.3754e-07
4.2647e-07
4.3011e-07
4.4276e-07
4.5404e-07
4.2912e-07
4.2396e-07
3.8397e-07
3.936e-07
3.8798e-07
4.0174e-07
4.1275e-07
4.2115e-07
4.0726e-07
4.1268e-07
3.7414e-07
3.7803e-07
3.8461e-07
3.827e-07
3.6772e-07
3.7251e-07
3.6008e-07
3.6672e-07
3.712e-07
3.5641e-07
3.6388e-07
3.6112e-07
3.64e-07
3.6658e-07
3.7053e-07
3.7189e-07
3.8225e-07
3.7686e-07
3.8101e-07
3.7629e-07
4.6889e-07
4.6385e-07
4.4494e-07
4.4446e-07
4.3504e-07
4.5568e-07
4.6656e-07
4.3767e-07
4.3329e-07
4.3038e-07
3.9476e-07
4.0074e-07
4.0953e-07
4.2248e-07
4.1488e-07
3.8594e-07
3.8284e-07
3.9214e-07
3.9069e-07
3.9373e-07
3.7299e-07
3.81e-07
3.7929e-07
3.7907e-07
3.709e-07
3.8017e-07
3.6465e-07
3.735e-07
3.7319e-07
3.7437e-07
3.7413e-07
3.9531e-07
3.8047e-07
3.868e-07
3.8724e-07
3.8761e-07
3.8835e-07
4.7462e-07
4.8041e-07
4.922e-07
4.7462e-07
4.541e-07
4.4484e-07
4.5138e-07
4.6426e-07
4.7793e-07
4.451e-07
4.401e-07
4.5466e-07
4.3292e-07
4.026e-07
4.1076e-07
4.1594e-07
4.2383e-07
4.3296e-07
3.9727e-07
4.0608e-07
4.0318e-07
4.1659e-07
3.8146e-07
3.9453e-07
3.8847e-07
3.9066e-07
3.9024e-07
3.8114e-07
3.8986e-07
3.7911e-07
3.8285e-07
3.8405e-07
4.0374e-07
3.9708e-07
4.0455e-07
3.9302e-07
3.9546e-07
3.9969e-07
4.0077e-07
5.0437e-07
4.922e-07
4.8973e-07
4.5828e-07
4.5696e-07
4.7057e-07
4.7599e-07
4.8052e-07
4.8667e-07
4.4308e-07
4.5068e-07
4.6839e-07
4.6205e-07
4.4064e-07
4.1334e-07
4.2056e-07
4.2261e-07
4.2901e-07
4.3923e-07
4.3057e-07
4.0971e-07
4.1572e-07
4.2479e-07
4.0285e-07
3.9059e-07
3.9769e-07
3.9942e-07
4.0207e-07
3.9523e-07
3.9877e-07
3.8969e-07
3.9405e-07
3.9559e-07
4.1167e-07
4.0491e-07
4.1215e-07
4.0738e-07
4.016e-07
4.0806e-07
4.1149e-07
4.1362e-07
5.1688e-07
5.0994e-07
5.0138e-07
5.0257e-07
4.7059e-07
4.852e-07
4.9667e-07
4.7781e-07
4.5036e-07
4.5839e-07
4.7394e-07
4.5114e-07
4.2407e-07
4.3078e-07
4.4248e-07
4.4066e-07
4.2371e-07
4.2813e-07
4.3486e-07
4.0934e-07
4.0305e-07
4.0894e-07
4.1502e-07
4.0949e-07
4.0801e-07
4.0203e-07
4.0053e-07
4.0727e-07
4.2169e-07
4.2969e-07
4.1285e-07
4.1989e-07
4.1497e-07
4.1492e-07
4.227e-07
4.1895e-07
4.2059e-07
4.2682e-07
5.2978e-07
5.431e-07
5.7107e-07
5.5682e-07
5.2329e-07
5.3253e-07
5.8576e-07
5.1387e-07
5.1504e-07
5.0836e-07
4.8472e-07
4.992e-07
4.8854e-07
4.8315e-07
6.8755e-07
6.0106e-07
6.6868e-07
6.5068e-07
6.3342e-07
6.1693e-07
6.9507e-07
7.0746e-07
8.2764e-07
4.6054e-07
4.7652e-07
4.6326e-07
4.5796e-07
4.3819e-07
4.3888e-07
4.4709e-07
4.5253e-07
4.3658e-07
4.4502e-07
4.3882e-07
4.4549e-07
4.175e-07
4.2616e-07
4.1836e-07
4.1661e-07
4.2311e-07
4.3092e-07
4.1708e-07
4.1177e-07
4.0955e-07
4.1682e-07
4.2943e-07
4.2382e-07
4.2341e-07
4.3308e-07
4.2937e-07
4.4049e-07
4.5463e-07
5.431e-07
5.7836e-07
5.588e-07
5.3106e-07
5.4252e-07
5.9441e-07
5.8606e-07
5.2646e-07
5.2143e-07
5.1819e-07
4.9648e-07
5.0755e-07
4.9711e-07
4.8819e-07
6.7657e-07
6.1429e-07
6.1282e-07
6.5268e-07
6.2934e-07
6.881e-07
7.9998e-07
8.0862e-07
7.2845e-07
7.507e-07
7.7444e-07
7.0893e-07
7.2486e-07
8.2764e-07
4.7242e-07
4.8509e-07
4.7389e-07
4.6565e-07
4.4775e-07
4.5764e-07
4.6483e-07
4.7465e-07
4.3935e-07
4.4945e-07
4.5498e-07
4.4901e-07
4.5314e-07
4.4044e-07
4.2863e-07
4.3565e-07
4.2717e-07
4.2683e-07
4.362e-07
4.2641e-07
4.2093e-07
4.2157e-07
4.3352e-07
4.3163e-07
4.3732e-07
4.4402e-07
4.4227e-07
4.4951e-07
4.5823e-07
4.4552e-07
4.6186e-07
5.5912e-07
5.7107e-07
5.3839e-07
5.5124e-07
5.9987e-07
5.7927e-07
5.3166e-07
5.2882e-07
5.1927e-07
5.1027e-07
5.0865e-07
4.9631e-07
6.1031e-07
6.6423e-07
6.2597e-07
6.4196e-07
6.532e-07
6.8157e-07
7.0048e-07
7.8882e-07
8.1164e-07
7.4673e-07
7.6714e-07
7.3009e-07
8.2764e-07
4.8718e-07
4.8278e-07
4.6071e-07
4.6897e-07
4.8064e-07
4.851e-07
4.5961e-07
4.5468e-07
4.6391e-07
4.6086e-07
4.6344e-07
4.6994e-07
4.5097e-07
4.4393e-07
4.3928e-07
4.4984e-07
4.3873e-07
4.4022e-07
4.3601e-07
4.4351e-07
4.5278e-07
4.566e-07
4.563e-07
4.655e-07
4.5522e-07
4.6921e-07
5.6458e-07
5.4733e-07
5.9385e-07
5.8017e-07
5.3882e-07
5.3102e-07
5.3061e-07
5.2199e-07
5.1734e-07
5.079e-07
4.9792e-07
6.0122e-07
6.2583e-07
6.6714e-07
6.4761e-07
6.8622e-07
7.0999e-07
8.1076e-07
7.9275e-07
7.6095e-07
7.3818e-07
8.2764e-07
4.9421e-07
4.739e-07
4.8049e-07
4.9265e-07
4.9826e-07
4.6408e-07
4.7219e-07
4.7889e-07
4.7401e-07
4.5865e-07
4.6145e-07
4.5147e-07
4.5036e-07
4.6145e-07
4.5103e-07
4.5037e-07
4.5262e-07
4.6563e-07
4.7259e-07
4.7674e-07
4.6907e-07
4.641e-07
4.8025e-07
4.8436e-07
5.6831e-07
5.5192e-07
5.6331e-07
5.8851e-07
6.09e-07
5.4954e-07
5.4177e-07
5.3674e-07
5.2741e-07
5.1118e-07
5.1208e-07
6.2286e-07
6.4045e-07
6.6972e-07
6.5165e-07
6.8782e-07
7.2899e-07
7.0377e-07
8.0623e-07
7.7998e-07
7.4995e-07
8.2764e-07
5.0869e-07
4.8178e-07
4.869e-07
4.9257e-07
5.0326e-07
4.7317e-07
4.8308e-07
4.8275e-07
4.9164e-07
4.8718e-07
4.7172e-07
4.6846e-07
4.6139e-07
4.7013e-07
4.5977e-07
4.6593e-07
4.6437e-07
4.7803e-07
4.8173e-07
4.9213e-07
4.7882e-07
4.8897e-07
5.0008e-07
5.0469e-07
5.7369e-07
5.8496e-07
5.6746e-07
6.1989e-07
6.0143e-07
5.602e-07
5.4914e-07
5.3732e-07
5.4365e-07
5.2463e-07
5.2811e-07
5.2706e-07
6.3792e-07
6.5598e-07
6.741e-07
6.957e-07
7.345e-07
7.112e-07
7.9885e-07
7.7024e-07
7.4938e-07
8.2764e-07
5.1565e-07
4.966e-07
5.0565e-07
5.1372e-07
5.0297e-07
4.892e-07
4.9578e-07
4.9845e-07
4.9998e-07
4.8248e-07
4.8162e-07
4.7318e-07
4.7454e-07
4.7394e-07
4.8208e-07
4.8777e-07
4.8821e-07
4.9343e-07
5.0229e-07
4.9322e-07
5.1638e-07
5.1232e-07
5.1638e-07
5.8766e-07
5.7762e-07
6.1963e-07
6.3327e-07
6.0175e-07
6.1416e-07
5.6184e-07
5.7455e-07
5.4137e-07
5.5687e-07
5.3649e-07
5.4388e-07
5.3239e-07
5.3777e-07
6.5131e-07
7.0591e-07
6.6959e-07
6.8711e-07
6.6408e-07
7.327e-07
7.2126e-07
8.0015e-07
7.7726e-07
7.6379e-07
8.2764e-07
5.258e-07
5.1025e-07
5.1709e-07
5.1242e-07
5.0379e-07
5.0872e-07
5.1547e-07
4.9609e-07
4.8881e-07
4.8484e-07
4.9722e-07
4.9946e-07
5.0169e-07
5.0563e-07
5.1189e-07
5.0902e-07
5.093e-07
5.2479e-07
5.3333e-07
5.194e-07
5.2842e-07
5.9419e-07
6.2872e-07
6.0908e-07
5.6933e-07
5.8111e-07
5.5332e-07
5.6782e-07
5.3827e-07
5.4671e-07
5.5395e-07
5.4483e-07
6.4029e-07
6.3186e-07
6.9051e-07
6.6858e-07
7.4346e-07
7.099e-07
7.329e-07
7.9719e-07
7.7392e-07
8.2764e-07
5.2208e-07
5.3276e-07
5.2062e-07
5.1498e-07
5.2668e-07
5.1896e-07
5.208e-07
5.305e-07
5.1782e-07
5.0749e-07
5.0465e-07
5.0623e-07
5.0979e-07
5.1373e-07
5.2297e-07
5.2323e-07
5.2368e-07
5.3755e-07
5.5105e-07
5.3096e-07
5.3779e-07
5.6014e-07
5.6952e-07
6.0229e-07
6.1706e-07
5.7992e-07
5.9401e-07
5.4517e-07
5.7303e-07
5.8408e-07
5.5039e-07
5.5506e-07
5.6839e-07
5.5632e-07
6.5296e-07
6.2952e-07
6.9168e-07
6.7456e-07
7.7532e-07
7.5479e-07
7.1666e-07
7.3487e-07
8.0014e-07
7.9194e-07
8.2764e-07
5.34e-07
5.4174e-07
5.2741e-07
5.4078e-07
5.3069e-07
5.4143e-07
5.3602e-07
5.2947e-07
5.2034e-07
5.1525e-07
5.2337e-07
5.264e-07
5.3811e-07
5.3628e-07
5.4693e-07
5.4294e-07
5.8884e-07
5.6014e-07
5.7707e-07
6.116e-07
5.974e-07
6.2109e-07
5.6183e-07
5.829e-07
5.9353e-07
5.6455e-07
5.7547e-07
6.52e-07
6.3841e-07
6.9683e-07
6.7928e-07
6.6611e-07
7.6973e-07
7.4892e-07
7.16e-07
7.8515e-07
8.0713e-07
8.2764e-07
5.5516e-07
5.6391e-07
5.462e-07
5.5195e-07
5.505e-07
5.4919e-07
5.5847e-07
5.476e-07
5.3779e-07
5.3297e-07
5.3604e-07
5.4596e-07
5.5728e-07
5.4874e-07
5.5525e-07
5.6038e-07
5.6819e-07
5.9383e-07
5.9888e-07
5.7413e-07
5.8776e-07
6.1115e-07
6.2596e-07
5.7106e-07
5.7299e-07
5.9787e-07
5.7906e-07
5.8571e-07
6.4158e-07
6.5925e-07
6.9214e-07
6.7901e-07
7.4765e-07
7.2815e-07
7.5812e-07
7.7892e-07
8.0338e-07
8.2764e-07
5.6956e-07
5.634e-07
5.7753e-07
5.6245e-07
5.6822e-07
5.6673e-07
5.7156e-07
5.703e-07
5.5093e-07
5.4962e-07
5.6425e-07
5.6299e-07
5.7326e-07
5.7037e-07
5.7272e-07
5.8076e-07
5.9888e-07
6.0397e-07
6.0911e-07
5.923e-07
6.0498e-07
6.1954e-07
6.1284e-07
5.8324e-07
6.017e-07
5.9641e-07
6.4815e-07
6.6416e-07
6.3882e-07
6.9767e-07
6.8311e-07
7.1478e-07
7.3947e-07
7.674e-07
7.9807e-07
8.2764e-07
5.8494e-07
5.8326e-07
5.965e-07
5.8289e-07
5.8698e-07
5.7959e-07
5.8221e-07
5.6701e-07
5.7547e-07
5.8217e-07
5.8446e-07
5.857e-07
5.9359e-07
6.3049e-07
6.1969e-07
6.5307e-07
6.0539e-07
6.1833e-07
6.7702e-07
6.2124e-07
6.0085e-07
6.1415e-07
6.782e-07
6.5903e-07
6.4426e-07
6.125e-07
7.0735e-07
6.9447e-07
7.3449e-07
7.5334e-07
7.8248e-07
8.0617e-07
8.2764e-07
5.9826e-07
5.9592e-07
6.0533e-07
5.9712e-07
6.0075e-07
5.9536e-07
5.9645e-07
5.8487e-07
5.9553e-07
6.0346e-07
5.9947e-07
6.0635e-07
6.4162e-07
6.3296e-07
6.6368e-07
6.1994e-07
6.3685e-07
6.8952e-07
7.0254e-07
6.3036e-07
6.2367e-07
6.5247e-07
6.656e-07
6.2996e-07
6.1854e-07
7.2336e-07
6.8874e-07
7.1293e-07
7.4775e-07
7.6849e-07
7.9784e-07
8.2764e-07
6.1058e-07
6.1584e-07
6.1577e-07
6.099e-07
6.1165e-07
6.0545e-07
6.1034e-07
6.1734e-07
6.1479e-07
6.2563e-07
6.5396e-07
6.675e-07
6.34e-07
6.518e-07
7.0543e-07
6.8256e-07
7.0389e-07
7.2992e-07
6.4847e-07
6.6366e-07
6.4545e-07
6.8014e-07
6.9777e-07
6.3853e-07
7.3384e-07
7.1494e-07
7.6811e-07
8.0377e-07
8.2764e-07
6.3196e-07
6.3928e-07
6.3531e-07
6.2535e-07
6.1984e-07
6.2601e-07
6.3694e-07
6.2642e-07
6.2978e-07
6.481e-07
6.561e-07
6.7175e-07
6.6109e-07
6.8908e-07
7.213e-07
7.0666e-07
7.9187e-07
7.5953e-07
7.4438e-07
8.2764e-07
6.5438e-07
6.6558e-07
7.1265e-07
6.8908e-07
6.5437e-07
7.5916e-07
7.4083e-07
7.9446e-07
8.2764e-07
6.5345e-07
6.49e-07
6.4028e-07
6.4022e-07
6.5118e-07
6.4271e-07
6.6803e-07
6.7141e-07
6.8131e-07
6.7907e-07
7.1032e-07
7.3861e-07
7.3795e-07
8.0718e-07
7.753e-07
7.5875e-07
8.2764e-07
6.7081e-07
6.7355e-07
6.8534e-07
7.2971e-07
7.0476e-07
6.8321e-07
7.6287e-07
7.4847e-07
7.4911e-07
7.9841e-07
8.2764e-07
6.6775e-07
6.5586e-07
6.542e-07
6.6461e-07
6.6987e-07
6.8455e-07
6.8884e-07
6.9958e-07
6.9476e-07
7.2456e-07
7.5292e-07
7.6305e-07
8.0377e-07
7.8031e-07
8.2764e-07
6.8449e-07
7.0495e-07
7.2511e-07
7.0667e-07
7.0317e-07
7.5736e-07
7.8318e-07
8.0591e-07
8.2764e-07
6.7615e-07
6.8424e-07
6.7007e-07
6.94e-07
6.9951e-07
7.1206e-07
7.1031e-07
7.4412e-07
7.3336e-07
7.6534e-07
7.7647e-07
7.9847e-07
8.2764e-07
6.969e-07
7.2931e-07
7.2225e-07
7.1701e-07
7.5256e-07
7.7596e-07
8.0141e-07
8.2764e-07
6.9605e-07
7.1098e-07
7.1731e-07
7.315e-07
7.5648e-07
7.5069e-07
7.7593e-07
7.9071e-07
8.2764e-07
7.16e-07
7.4042e-07
7.3819e-07
7.3606e-07
7.6087e-07
7.9744e-07
8.2764e-07
7.2247e-07
7.3776e-07
7.6002e-07
7.7339e-07
7.9941e-07
8.2764e-07
7.4253e-07
7.5733e-07
7.5543e-07
7.7969e-07
8.0433e-07
8.2764e-07
7.5415e-07
7.8061e-07
7.9942e-07
8.2764e-07
7.6775e-07
7.8197e-07
7.8387e-07
8.2764e-07
7.8912e-07
8.2764e-07
7.9863e-07
8.0562e-07
8.2764e-07
8.2764e-07
8.2764e-07
