5476 33599 11764
5600 34881 9131
3829 23350 21635
4571 27702 12701
967 5037 17128
1818 10496 10800
1765 10713 23436
1554 8611 16553
2709 15764 23213
3530 20651 24303
5156 30785 14425
9297 55065 23461
5651 38214 944
7443 45445 13597
3411 20357 13833
2958 17043 18303
1123 7563 3124
7700 51811 588
6711 39363 18422
2323 15812 1231
5821 34860 14379
1643 9423 20041
5603 35571 5586
2751 17724 4913
9035 55784 8642
5413 32434 22122
11863 69336 21156
3131 21067 3074
4719 27986 15227
4485 26727 18575
1024 5389 20233
4151 27861 1455
3394 19268 16643
10417 62173 14889
3739 23316 8056
10016 66226 2043
4963 30276 12085
6043 37292 10010
2281 13123 21583
4959 30939 8179
687 4922 4472
6579 40427 9217
2185 12276 13117
3195 21760 632
8235 49571 23224
5454 32676 13463
4528 28026 8843
5273 34948 2223
6546 43704 1186
7402 46394 5811
7356 44166 11254
7174 42313 18230
5664 33603 19537
6007 39043 4588
14896 84160 24501
9005 60523 652
6414 38784 14600
8397 55903 877
6909 41834 24259
806 5005 24121
4384 27025 8990
7974 47002 18337
11122 66010 17557
2469 15018 10645
3870 24833 5827
8135 49629 12099
3921 23047 14865
8737 51808 16920
