1700 33982 11843
1755 35003 9274
1310 23900 21182
1415 27395 12618
307 4724 17123
511 9941 11124
577 10611 23232
570 8898 17056
827 15559 22821
1115 20703 24424
1586 30869 14682
2898 55202 23471
1810 38210 749
2283 45775 13646
1043 20006 13652
937 17306 18598
291 7750 2543
2448 51968 496
2065 39550 18539
720 15592 1310
1784 35112 14609
522 8924 19858
1714 35502 5729
814 17523 5266
2757 55768 8669
1759 32752 22403
3653 69416 20836
971 20670 3072
1416 27720 15328
1395 27118 18268
318 5382 20264
1234 27567 1447
990 19494 16245
3139 61950 15027
1140 23279 8040
3114 65802 2092
1537 30158 12185
1882 37545 10227
699 12967 21642
1517 30906 8257
206 5263 4610
2004 40290 9432
635 12618 12881
1009 22211 749
2603 49573 23238
1663 32445 13487
1430 28740 8875
1626 35397 2088
2057 43336 1531
2255 46383 5944
2200 43814 11064
2181 41761 18306
1735 33573 19109
1870 38655 4599
4686 84445 24426
2826 60434 912
1986 38657 14339
2655 55808 690
2207 41884 24472
279 5089 24449
1347 26784 9042
2463 47167 18087
3394 65919 17564
800 15472 10598
1210 25378 5820
2476 49620 12506
1202 23100 15261
2633 51820 16751
