633 33699 11570
605 35032 7851
685 23240 21761
673 28373 12790
843 5011 17328
873 10210 11491
756 10156 23594
835 9246 17264
744 15734 22562
686 21565 23560
653 31775 14517
421 55677 22924
570 37888 1776
508 45338 13157
751 20691 13982
763 17085 19531
884 8276 2763
449 52658 1545
580 38410 17658
805 15759 1495
620 35831 13944
787 9456 20719
604 36015 5672
779 18197 6103
412 56483 8106
612 31777 21872
298 69266 21743
737 20598 3817
688 27843 14592
671 27019 18005
819 5323 21129
679 27170 1505
764 19004 16390
357 62472 14443
733 23306 7544
330 66861 2090
655 30949 11439
600 37442 11136
748 12900 22166
657 30932 7516
909 4966 4149
565 39789 8953
854 11735 12859
716 22043 1364
484 48317 22945
651 31749 12561
694 27473 9244
607 34816 2363
516 43256 1697
511 45651 5395
527 43850 11743
543 42532 17909
615 33815 19646
566 39234 4010
144 84128 23800
381 60345 1830
582 38917 14971
416 56504 1631
521 42998 23578
799 4923 23271
694 27473 9244
504 46853 18294
335 65195 17347
837 14663 10069
710 24626 5306
475 48893 12225
730 22192 14377
454 52222 16404
