116 34438 10468
119 35973 7949
82 24640 21039
85 26730 11990
14 3314 16574
39 10906 11485
33 10937 22587
35 8958 17022
54 16100 20795
71 21680 20254
107 31538 15235
178 56081 20593
127 38912 2362
144 44244 12210
74 21458 14555
64 17644 16071
31 8560 3873
167 52224 2271
125 39872 18017
52 17717 2265
117 34586 14181
36 10516 19743
110 34816 3844
62 18504 4864
173 54398 8611
101 30832 21510
211 70103 22193
58 20287 2815
95 26910 14734
92 25710 17208
16 4827 19689
86 27648 1922
70 20123 17616
190 61135 15473
73 21737 8189
218 67796 2609
96 29307 13292
126 37293 11562
44 13389 19838
98 30295 7557
21 5855 4922
136 40039 10215
45 12100 14353
67 23013 2083
150 48037 22341
106 32299 12500
87 27781 7949
118 35840 1922
145 44032 1926
156 47917 5099
144 44244 12210
133 42867 19720
104 33608 20525
129 40067 5561
240 84640 22899
194 60447 2685
124 37786 14580
176 54809 2631
132 42977 22507
15 3696 22255
87 27781 7949
151 47825 18263
204 65638 15760
57 16489 10329
77 24967 6527
153 48450 11702
84 24168 14946
161 50473 16123
