35 34109 13295
39 36864 8544
25 24571 18326
29 26686 11982
11 7104 17391
10 7307 11014
12 11005 20342
11 7104 17391
18 15625 18732
24 20181 20373
30 31250 17982
60 56250 17831
44 38912 4272
47 45142 13156
23 20029 13287
18 15625 18732
8 9129 4899
57 56802 4612
42 40625 18629
15 13982 3746
35 34109 13295
12 11005 20342
38 34816 3608
21 18432 3799
55 53248 7602
36 35805 20217
74 71875 20745
21 18432 3799
29 26686 11982
25 24571 18326
6 4094 20905
32 28672 4710
23 20029 13287
66 61915 12891
27 21632 6695
69 67796 5174
33 30997 9251
39 36864 8544
12 11005 20342
33 30997 9251
3 4764 6927
45 42299 8523
17 14854 13605
21 18432 3799
53 49547 18222
35 34109 13295
33 30997 9251
38 34816 3608
44 38912 4272
50 47254 5927
47 45142 13156
42 40625 18629
36 35805 20217
44 38912 4272
92 85664 20806
65 61440 4869
41 39600 13267
57 56802 4612
48 45173 20349
6 4094 20905
29 26686 11982
53 49547 18222
67 65625 19429
20 17593 9203
27 21632 6695
52 49978 11522
23 20029 13287
53 49547 18222
