176 33245 11885
175 34659 9035
132 23200 20385
156 28370 12000
32 5017 17291
52 9931 11134
71 11698 22278
44 7643 16396
98 15713 22154
126 19803 23013
170 30693 15127
310 55468 23560
190 39465 2264
247 46555 12819
115 21241 13261
88 16233 18185
37 7435 1909
251 51200 2291
224 39651 18729
76 14336 2297
188 35116 13666
56 9575 18569
173 34733 5858
94 17860 6212
286 56794 7988
181 32116 22048
385 68540 19942
107 21504 3331
159 28746 15632
158 28300 17946
46 6877 20837
133 27169 2461
116 20360 17181
342 62735 15433
136 23797 9595
321 65532 2713
169 30824 12630
187 36839 9300
86 14062 22206
151 30501 6954
35 6147 4099
213 40705 9288
67 12391 14300
104 22902 1938
280 49346 22846
182 32587 14449
150 28965 8119
164 34161 2795
205 43008 2291
233 46846 4586
232 43905 11502
240 42844 18738
195 34423 20012
189 39112 4953
494 84640 23058
288 59392 2298
202 37630 14258
276 56660 2670
238 41431 23632
43 5676 22894
137 27037 8131
257 47181 17590
368 66698 16694
80 15331 10695
121 24612 5735
260 49093 12386
117 21613 15110
282 50902 16863
