3089 33686 11861
3250 35239 9014
2121 23406 21480
2573 27645 12550
530 4850 17251
968 10246 10773
942 10742 23255
869 8910 16584
1375 15806 22775
1786 20871 24410
2846 30850 14470
4745 55006 23626
3506 38489 893
4217 45422 13407
1909 20137 13843
1641 17107 18571
624 7450 2786
4763 51538 526
3604 39403 18268
1381 15460 1109
3259 35116 14669
934 9190 20049
3185 35427 5349
1665 17900 4993
5238 55798 8430
2887 32545 22194
6009 69227 20799
1930 21046 2841
2633 28178 15439
2416 26347 18507
604 5707 20187
2535 27566 1322
1859 19240 16575
5686 61668 14683
2053 22951 8452
6286 66286 1781
2830 30549 12103
3464 37647 9820
1250 13204 21557
2825 31105 7914
401 4821 4365
3746 40575 9294
1192 12232 13103
1927 21760 464
4304 49600 23212
3036 32664 13424
2551 28024 8996
3236 35320 2053
4022 43596 1060
4262 46274 5446
4104 44386 11267
3884 42139 18228
3042 33392 19669
3567 38971 4537
6787 84064 24545
5643 60450 636
3537 38781 14575
5216 56064 654
3559 41660 24441
441 5273 24596
2493 27015 9396
4241 47024 18434
5809 65831 17642
1349 15046 10339
2321 24840 6136
4498 49232 12069
2136 22882 14569
4736 51952 16668
