940 33787 11549
998 34669 9112
674 23161 21568
806 27568 13048
143 4669 17019
293 10125 10253
357 11075 23286
259 8673 16773
483 15757 23228
616 21093 24121
915 31274 14623
1567 55347 22694
1110 38400 859
1305 45267 13521
638 20501 13753
505 16687 18581
194 7349 3274
1483 51712 939
1171 40082 18178
424 15368 1586
1024 34930 14103
285 9480 20432
1022 35217 5583
524 17850 5455
1608 56010 8774
953 32274 22508
1938 68726 21144
588 21166 3458
821 27761 15275
787 26583 18761
199 5762 20057
767 28005 1355
630 19959 16675
1757 61549 14562
657 23043 8203
1899 65660 2139
872 30759 12089
1064 37110 10093
389 12773 21296
873 30675 8155
137 4905 4602
1161 40124 9022
383 12186 13241
617 22325 1062
1443 49405 23551
932 31920 13521
811 28578 9372
959 34679 2384
1265 43751 1657
1360 46961 5677
1248 43718 11265
1230 41993 18791
1005 33271 19197
1115 39271 4459
2249 83717 23825
1747 60623 1000
1119 38599 14672
1610 55808 1408
1226 41406 24116
186 5705 24234
779 27325 9258
1345 46948 17995
1941 66686 17392
478 15259 11024
738 25318 6111
1437 49537 11764
697 22618 14586
1462 51459 16445
