59 32055 12839
58 34159 9171
47 23590 19995
45 26225 10989
17 4285 17552
20 9794 12403
28 11734 20972
26 9828 17343
40 19059 20738
40 19059 20738
59 32055 12839
98 53125 21489
61 39906 3964
76 42944 13173
39 20410 16684
34 15233 18837
15 8921 3472
84 54858 3222
73 39062 19460
30 18437 4317
63 36021 17108
21 7461 20902
60 36815 6660
30 18437 4317
96 57569 9730
56 30868 21495
122 69055 21478
30 18437 4317
52 28344 14867
48 28125 19280
21 7461 20902
50 30720 5002
39 20410 16684
104 59703 13221
37 23072 5487
110 68645 3468
59 32055 12839
66 37479 10254
28 11734 20972
51 29973 9122
11 6272 5833
70 40192 8056
27 13107 13648
37 23072 5487
90 48698 20695
59 32055 12839
51 29973 9122
53 34379 3580
71 43470 3266
79 45945 5923
78 44739 9670
72 41685 16737
64 34375 21128
61 39906 3964
154 85724 21564
101 62262 4165
67 37849 13726
84 54858 3222
82 41610 21731
13 3145 21854
45 26225 10989
81 45339 17705
112 65819 16360
25 15471 6856
37 23072 5487
80 47928 11976
44 24121 14656
95 51636 17053
