1055 33900 11207
1051 35238 8466
1203 23307 20849
1171 27764 11951
1479 5421 16702
1469 10045 11343
1298 10476 23959
1445 8191 16598
1274 15790 22958
1206 20799 23829
1103 31037 14120
701 54926 22976
1003 38674 1584
844 45077 13356
1285 20031 14131
1309 16945 17734
1530 7414 2126
767 52224 1486
923 40106 18195
1402 15518 2136
1032 35551 14728
1409 8487 19949
1053 35161 5616
1376 17117 5157
716 55872 7982
1064 32463 21574
470 69131 21343
1315 20808 3025
1140 27525 15083
1142 26168 18621
1412 5134 20238
1169 28211 1385
1279 18952 16650
598 62079 14204
1241 23187 8348
566 66107 1538
1127 30124 11744
1012 37191 9727
1325 13653 21067
1130 30470 7961
1562 5120 5015
952 41188 9015
1443 11800 13052
1286 22016 1092
795 49556 23841
1081 32299 14124
1155 28006 8361
1054 35032 2527
913 44088 1119
884 46918 5173
880 44353 10631
900 42139 18930
1020 33411 19309
1002 39252 3976
238 84640 23606
632 60928 1458
984 38124 14099
705 55805 1336
898 41654 23848
1329 5160 23813
1177 26912 8655
818 46825 17437
530 66004 16890
1396 15349 9577
1236 24701 5297
812 48822 11994
1232 23184 14353
746 52005 15922
