2795 33858 11704
2781 35009 9047
3026 23390 21386
3051 27766 12578
3835 5026 17144
3881 10237 10752
3505 10808 23458
3825 8778 16719
3284 15791 22948
3096 20795 24384
2881 30863 14542
1780 55160 23311
2634 38405 886
2297 45577 13499
3297 20246 13694
3365 17140 18435
3965 7668 2892
2078 51684 569
2503 39433 18248
3600 15635 1314
2690 34909 14531
3693 9276 20057
2748 35394 5572
3593 17712 5171
1837 55788 8548
2683 32267 22201
1228 69223 21068
3383 20981 3104
2997 27998 15285
2961 26689 18360
3709 5430 20186
3084 27858 1286
3332 19290 16510
1549 62008 14898
3261 23293 8305
1478 66031 1900
2941 30285 12031
2663 37394 10107
3455 13201 21441
2964 31026 8044
4049 5034 4431
2545 40510 9142
3761 12322 12950
3299 22016 532
2049 49511 23185
2808 32587 13370
3047 28246 8816
2790 35067 2180
2408 43520 1260
2286 46378 5630
2358 44117 11138
2391 42172 18333
2698 33662 19500
2594 38913 4638
575 84128 24457
1707 60458 643
2559 38596 14571
1927 55808 687
2277 41846 24368
3460 5138 24309
3087 27016 9180
2169 46885 18176
1373 66104 17487
3633 15172 10479
3225 24974 5812
2148 49457 12103
3221 22840 14815
1976 51864 16711
