0
0
0
0
0
0
0
0
0
0
0
0
0
0
0
0
0
0
0
0
0
0
0
0
0
0
0
0
0
0
0
0
0
0
0
0
0
0
0
0
0
0
0
0
0
0
0
0
0
0
0
0
0
0
0
0
0
0
0
0
0
0
0
0
0
0
0
0
0
0
0
0
0
0
0
0
0
0
0
0
0
0
0
0
0
0
0
0
0
0
0
0
0
0
0
0
0
0
0
0
0
0
0
0
0
0
0
0
0
0
0
0
0
0
0
0
0
0
0
0
0
0
0
0
0
0
0
0
0
0
0
0
0
0
0
0
0
0
0
0
0
0
0
0
0
0
0
0
0
0
0
0
0
0
0
0
0
0
0
0
0
0
0
0
0
0
0
0
0
0
0
0
0
0
0
0
0
0
0
0
0
0
0
0
0
0
0
0
0
0
0
0
0
0
0
0
0
0
0
0
0
0
0
0
0
0
0
0
0
0
0
0
0
0
0
0
0
0
0
0
0
0
0
0
0
0
0
0
0
0
0
0
0
0
0
0
0
0
0
0
0
0
0
0
0
0
0
0
0
0
0
0
0
0
0
0
0
0
0
0
0
0
0
0
0
0
0
0
0
0
0
0
0
0
0
0
0
0
0
0
0
0
0
0
0
0
0
0
0
0
0
0
0
0
0
0
0
0
0
0
0
0
0
0
0
0
0
0
0
0
0
0
0
0
0
0
0
0
0
0
0
0
0
0
0
0
0
0
0
0
0
0
0
0
0
0
0
0
0
0
0
0
0
0
0
0
0
0
0
0
0
0
0
0
0
0
0
0
0
0
0
0
0
0
0
0
0
0
0
0
0
0
0
0
0
0
0
0
0
0
0
0
0
0
0
0
0
0
0
0
0
0
0
0
0
0
0
0
0
0
0
0
0
0
0
0
0
0
0
0
0
0
0
0
0
0
0
0
0
0
0
0
0
0
0
0
0
0
0
0
0
0
0
0
0
0
0
0
0
0
0
0
0
0
0
0
0
0
0
0
0
0
0
0
0
0
0
0
0
0
0
0
0
0
0
0
0
0
0
0
0
0
0
0
0
0
0
0
0
0
0
0
0
0
0
0
0
0
0
0
0
0
0
0
0
0
0
0
0
0
0
0
0
0
0
0
0
0
0
0
0
0
0
0
0
0
0
0
0
0
0
0
0
0
0
0
0
0
0
0
0
0
0
0
0
0
0
0
0
0
0
0
0
0
0
0
0
0
0
0
0
0
0
0
0
0
0
0
0
0
0
0
0
0
0
0
0
0
0
0
0
0
0
0
0
0
0
0
0
0
0
0
0
0
0
0
0
0
0
0
0
0
0
0
0
0
0
0
0
0
0
0
0
0
0
0
0
0
0
0
0
0
0
0
0
0
0
0
0
0
0
0
0
0
0
0
0
0
0
0
0
0
0
0
0
0
0
0
0
0
0
0
0
0
0
0
0
0
0
0
0
0
0
0
0
0
0
0
0
0
0
0
0
0
0
0
0
0
0
0
0
0
0
0
0
0
0
0
0
0
0
0
0
0
0
0
0
0
0
0
0
0
0
0
0
0
0
0
0
0
0
0
0
0
0
0
0
0
0
0
0
0
0
0
0
0
0
0
0
0
0
0
0
0
0
0
0
0
0
0
0
0
0
0
0
0
0
0
0
0
0
0
0
0
0
0
0
0
0
0
0
0
0
0
0
0
0
0
0
0
0
0
0
0
0
0
0
0
0
0
0
0
0
0
0
0
0
0
0
0
0
0
0
0
0
0
0
0
0
0
0
0
0
0
0
0
0
0
0
0
0
0
0
0
0
0
0
0
0
0
0
0
0
0
0
0
0
0
0
0
0
0
0
0
0
0
0
0
0
0
0
0
0
0
0
0
0
0
0
0
0
0
0
0
0
0
0
0
0
0
0
0
0
0
0
0
0
0
0
0
0
0
0
0
0
0
0
0
0
0
0
0
0
0
0
0
0
0
0
0
0
0
0
0
0
0
0
0
0
0
0
0
0
0
0
0
0
0
0
0
0
0
0
0
0
0
0
0
0
0
0
0
0
0
0
0
0
0
0
0
0
0
0
0
0
0
0
0
0
0
0
0
0
0
0
0
0
0
0
0
0
0
0
0
0
0
0
0
0
0
0
0
0
0
0
0
0
0
0
0
0
0
0
0
0
0
0
0
0
0
0
0
0
0
0
0
0
0
0
0
0
0
0
0
0
0
0
0
0
0
0
0
0
0
0
0
0
0
0
0
0
0
0
0
0
0
0
0
0
0
0
0
0
0
0
0
0
0
0
0
0
0
0
0
0
0
0
0
0
0
0
0
0
0
0
0
0
0
0
0
0
0
0
0
0
0
0
0
0
0
0
0
0
0
0
0
0
0
0
0
0
0
0
0
0
0
0
0
0
0
0
0
0
0
0
0
0
0
0
0
0
0
0
0
0
0
0
0
0
0
0
0
0
0
0
0
0
0
0
0
0
0
0
0
0
0
0
0
0
0
0
0
0
0
0
0
0
0
0
0
0
0
0
0
0
0
0
0
0
0
0
0
0
0
0
0
0
0
0
0
0
0
0
0
0
0
0
0
0
0
0
0
0
0
0
0
0
0
0
0
0
0
0
0
0
0
0
0
0
0
0
0
0
0
0
0
0
0
0
0
0
0
0
0
0
0
0
0
0
0
0
0
0
0
0
0
0
0
0
0
0
0
0
0
0
0
0
0
0
0
0
0
0
0
0
0
0
0
0
0
0
0
0
0
0
5.42290324798315e-12
0
0
0
0
0
0
0
0
0
0
0
0
0
0
0
0
0
0
0
0
0
0
0
0
0
0
0
0
0
0
0
0
0
3.03940140580547e-10
0
0
0
0
3.52048496898253e-11
0
0
0
0
0
0
0
0
0
0
0
0
0
0
0
0
0
0
0
0
0
0
0
0
0
0
0
0
0
0
8.15439053245906e-10
0
0
5.38796408631841e-10
0
0
0
2.60810318287859e-10
0
1.09762862507144e-10
0
0
0
0
0
0
0
0
0
0
0
0
0
0
0
0
0
0
0
0
0
0
0
0
0
1.04735816788049e-09
1.47793354325203e-09
3.65752153778544e-12
0
1.8321997327353e-11
1.12810579033806e-09
3.41694406588848e-11
1.42817297801084e-10
6.1751404127609e-10
1.58391830231166e-10
2.17801913911977e-10
0
0
0
0
0
0
0
0
0
0
0
0
0
0
0
2.92050298719381e-11
0
0
0
0
0
0
0
0
0
0
0
1.56811068877006e-09
2.25926922851519e-09
1.75516802838213e-09
2.11629001708086e-10
3.31987033852924e-10
4.81990652687843e-10
1.30308050170913e-09
4.69968248872669e-10
5.12682674682138e-10
8.26597573577519e-10
9.1847382998707e-10
0
0
0
0
0
0
0
6.75393481295655e-11
0
0
0
5.75513936711271e-13
0
1.27928940844334e-10
2.81672759318673e-11
3.29335767113944e-10
2.26745837112464e-10
4.13841058143533e-11
9.36005734947188e-11
2.99786560499718e-11
9.59079306389436e-10
1.05858117084672e-09
1.02885419678822e-10
0
0
0
0
0
3.15904223321103e-09
2.29092414803793e-09
2.8203136572199e-09
2.12514901388265e-09
2.49772941512029e-09
6.8978177132344e-10
9.87674363958618e-10
9.54108455039882e-10
9.79609460096275e-10
1.92743676371232e-09
1.04888789956589e-09
1.49792168510932e-09
2.56375622471548e-09
1.5272722750616e-10
1.93879320181942e-12
0
5.07258375312879e-11
2.03506843696388e-10
3.96051695941373e-10
4.84627821471785e-10
3.40028618049139e-11
2.54487767424893e-10
2.95410646216367e-10
5.82881021651072e-10
3.39942864388509e-10
3.58166360505944e-10
5.98406242577583e-10
4.23192335462289e-10
2.9087253647045e-10
3.51974520830748e-10
1.18995488901439e-09
1.74986600240593e-09
1.812952715459e-09
4.52614805559681e-10
1.82795334660993e-10
0
0
0
4.15399586009383e-09
3.76570797159609e-09
3.20694677546184e-09
3.1832153983791e-09
3.33232593389385e-09
1.3371061240136e-09
1.7001833598295e-09
1.89299800383298e-09
1.80403792713314e-09
2.59635957946584e-09
1.8658429748548e-09
3.37226974192823e-09
9.27926432610948e-10
5.34443798366601e-10
3.58383112771219e-10
3.14471585790253e-10
7.46998939761817e-10
1.06550752363754e-09
7.08798325742237e-10
8.8584006826628e-10
9.75577248410134e-10
9.24466033062497e-10
9.9408330880629e-10
8.1193222381811e-10
1.2119556876393e-09
9.21862371163752e-10
1.37764996603877e-09
1.88805919094981e-09
2.50008025092492e-09
2.59660988129932e-09
2.79295960324031e-09
1.04284082954081e-09
7.64811891190743e-10
5.28424192864333e-10
1.55060787938207e-10
1.33792164171996e-11
0
5.24123136850804e-09
5.14511711840192e-09
4.41420106377859e-09
4.03158422837166e-09
4.21842967950068e-09
4.98612569742157e-09
2.29947058409425e-09
3.27047927597382e-09
2.42830711568781e-09
3.2165794598952e-09
2.80849279717472e-09
4.08165523707517e-09
1.57202528240626e-09
1.4146645708905e-09
8.91867753162001e-10
9.37911133492952e-10
1.51905817860029e-09
1.62934235784271e-09
1.61703969005883e-09
1.57024970009912e-09
2.51935431048965e-09
1.8176379888866e-09
1.54365764921021e-09
1.51946596365339e-09
2.04237405241231e-09
1.42020588365987e-09
1.92967141463907e-09
2.00136671376591e-09
2.16806610090693e-09
2.86992458821966e-09
3.35445470491278e-09
3.76593890382202e-09
3.86669249146994e-09
3.89717823979858e-09
2.32777900987655e-09
1.9894021212196e-09
1.39962010922528e-09
1.19679377113502e-09
6.63976573355651e-10
3.42637048518866e-10
1.74667129467094e-10
6.41790056691343e-09
6.72059672551174e-09
6.07330484035165e-09
4.98336251827036e-09
5.40780027562456e-09
6.00512103024161e-09
4.20224739115362e-09
3.71428995848755e-09
4.00651232286291e-09
4.8347779250965e-09
5.21990829632447e-09
2.22657153636512e-09
2.03185505690381e-09
2.27232337941378e-09
2.35700752593604e-09
2.71018921479048e-09
3.28508397651564e-09
2.69711125700245e-09
2.53815696318468e-09
2.20500238950348e-09
2.80700346814836e-09
2.29571701356797e-09
2.83257582479499e-09
2.80600238151162e-09
3.73266810500995e-09
4.34483127600984e-09
4.82997292884357e-09
5.16977537118604e-09
4.6880917616899e-09
5.23827708659126e-09
3.04095028331984e-09
2.83462474496633e-09
2.64880772642886e-09
1.79084969240995e-09
2.45550068962263e-09
1.31126611468824e-09
8.80971565556639e-10
7.68120829104908e-09
7.73963930217663e-09
7.02088903348759e-09
6.48224442233928e-09
6.38094150488462e-09
7.2167521077811e-09
5.55904410281152e-09
5.30120801564262e-09
6.16205703985699e-09
7.05736784980303e-09
3.0874571358613e-09
3.3304740479902e-09
3.07466857181315e-09
3.53901623531167e-09
4.1174034314626e-09
3.47471455051874e-09
3.40090555332025e-09
3.57023960861301e-09
3.62958553901547e-09
3.3519442197271e-09
3.75236584438333e-09
4.70058005567336e-09
5.90405885090689e-09
5.73787758352124e-09
5.44909840565552e-09
6.3671282690543e-09
5.70201727280213e-09
7.42038832708682e-09
5.99030585375166e-09
6.34238861883347e-09
3.96615840071486e-09
3.54259036296262e-09
3.50337065171456e-09
3.2587697736283e-09
2.32906957422179e-09
1.79566958773245e-09
9.02841493842325e-09
9.32497941790678e-09
8.09565917837271e-09
1.04568390627407e-08
8.68375442623867e-09
8.20100528005464e-09
8.41342058665174e-09
8.14415652513274e-09
6.66834808102232e-09
7.57961972459394e-09
8.96764962230726e-09
4.4039331431122e-09
4.11482586633654e-09
4.02708675211284e-09
4.45153127806831e-09
5.02603059227617e-09
4.27116717797999e-09
4.90695794694828e-09
4.64448375130339e-09
4.51470100187757e-09
4.5188614399098e-09
5.02564305791804e-09
6.27829039477262e-09
5.54682983807307e-09
6.75931627905399e-09
6.42849047659115e-09
6.27505906791386e-09
7.70144898512501e-09
6.7644197566304e-09
8.51978956886633e-09
7.32354761508467e-09
7.41735739082645e-09
4.46950442592886e-09
5.12282754883272e-09
4.35444311865988e-09
4.15904465183939e-09
5.06753011701965e-09
4.12192083025709e-09
3.25011162620071e-09
2.90772114728505e-09
1.05014557013757e-08
1.02762252366674e-08
1.19638600321903e-08
1.05669284322783e-08
9.62406681721642e-09
9.96453690056474e-09
1.02345960754749e-08
8.94111818898702e-09
8.13266782520379e-09
1.01627377883048e-08
5.48994573920515e-09
5.58247570145414e-09
5.74723413002297e-09
5.05217626958283e-09
6.02489029072002e-09
5.85268336650249e-09
5.351923954985e-09
6.28803113031186e-09
5.78531013968802e-09
7.68733279163066e-09
6.09589958277643e-09
7.32416637429367e-09
6.76767861325179e-09
7.78669904912452e-09
8.21182770247646e-09
8.9128208230945e-09
8.55982203900597e-09
9.64239348147651e-09
9.07876806302176e-09
9.61216645257389e-09
5.7175332068874e-09
6.75646556626211e-09
6.07466869774666e-09
6.09915262700846e-09
5.46347943175905e-09
4.91030677043062e-09
4.20143706770322e-09
1.24889348447664e-08
1.15236207401454e-08
1.35469207558542e-08
1.22156282810955e-08
1.11541316124218e-08
1.1625827062077e-08
1.13692393303365e-08
9.83948792128445e-09
1.13643114976779e-08
6.75536960647044e-09
6.75969932151528e-09
7.01053248406699e-09
6.29536141572269e-09
8.23967034592688e-09
6.95043434785161e-09
7.01564490374118e-09
7.6350988629857e-09
7.23122771111869e-09
8.54944667348476e-09
8.76115746522369e-09
7.93430059825996e-09
8.22512776596873e-09
9.20704683702688e-09
9.40171785700347e-09
1.01941731815549e-08
1.03723384364027e-08
1.06579614962335e-08
1.06401464947636e-08
1.08207821752629e-08
7.8645963268e-09
7.21468404683971e-09
7.05437238700553e-09
6.79240422246275e-09
6.20598134769686e-09
7.19029817314256e-09
5.65374125595727e-09
1.4782087220001e-08
1.33582749893716e-08
1.38328380794523e-08
1.52035304828735e-08
1.33393531258422e-08
1.34717686476538e-08
1.25818103023041e-08
1.29029047936153e-08
1.20590358651832e-08
7.7694914900878e-09
7.91800432120314e-09
8.36381794027516e-09
8.86593013166729e-09
9.13839529128407e-09
9.08790907443112e-09
8.65007360926714e-09
8.43788452325974e-09
8.80032898894319e-09
9.62968566991147e-09
9.65882150271758e-09
1.02586889047476e-08
9.79821202470988e-09
1.08454387074818e-08
1.0451259176281e-08
1.14161286534175e-08
1.16567737804338e-08
1.19815706468533e-08
1.27052016169879e-08
1.27548693238785e-08
8.84059788511946e-09
8.28172804389604e-09
7.98394157576751e-09
8.5849043442101e-09
8.11261784723299e-09
7.2586239363239e-09
1.61018999533102e-08
1.5130494384823e-08
1.54908234059894e-08
1.69312676794086e-08
1.61077662611206e-08
1.49467981824541e-08
1.45928682071335e-08
1.44101011274933e-08
1.42673639915616e-08
9.60897559624316e-09
1.0977982260469e-08
1.0192004046955e-08
1.0380253848722e-08
1.00430895530419e-08
1.04753409700256e-08
1.0509337667525e-08
9.93008630622509e-09
1.06244323277835e-08
1.10871260451106e-08
1.26195146559735e-08
1.19394234060563e-08
1.15806611528499e-08
1.16818998028909e-08
1.29351980224957e-08
1.19735192504884e-08
1.24552732281059e-08
1.49694762639945e-08
1.30591260521217e-08
1.3494610898242e-08
1.408913070641e-08
9.76303644418631e-09
9.29449569741746e-09
9.67388690340644e-09
9.26960944599578e-09
8.99892639615195e-09
1.72574986362167e-08
1.76371755896643e-08
1.75139348529627e-08
1.87277829888792e-08
1.8365081716481e-08
1.64428791899076e-08
1.66076887680994e-08
1.57276301329156e-08
1.59708029955646e-08
1.14424285812815e-08
1.26974652450295e-08
1.17238594720675e-08
1.10899319041426e-08
1.17127511922337e-08
1.12318936986699e-08
1.18497916571999e-08
1.18940899443501e-08
1.200715499613e-08
1.33328874924107e-08
1.28445484689189e-08
1.38898718967006e-08
1.41654788001804e-08
1.32043442470902e-08
1.45268216198951e-08
1.35582255399903e-08
1.43623872703501e-08
1.48866409218857e-08
1.64061570118388e-08
1.48127957593528e-08
1.55234565796419e-08
1.07327751732514e-08
1.18148129711597e-08
1.24705324806545e-08
1.06030603131733e-08
1.08857237415116e-08
1.13801378765503e-08
1.08822937123858e-08
1.99023282968975e-08
2.06105947075479e-08
1.90613509128831e-08
1.94031746209731e-08
1.97257080293695e-08
2.06265306248445e-08
1.92690876064278e-08
1.82400978594812e-08
1.73914941203251e-08
1.73447619497375e-08
1.82066239437021e-08
1.36613737428147e-08
1.30811546846139e-08
1.523695251707e-08
1.31473266808951e-08
1.32241093424365e-08
1.40758611767364e-08
1.36678053038975e-08
1.45888363379874e-08
1.44394440236938e-08
1.53732002981009e-08
1.6207657511901e-08
1.5475648175576e-08
1.51964133078428e-08
1.58439763885132e-08
1.59920503333346e-08
1.64910329637141e-08
1.7178472710598e-08
1.71274730486784e-08
1.22851629695073e-08
1.34585944004189e-08
1.19329598047058e-08
1.32724241202482e-08
1.23788645637891e-08
1.18789927666666e-08
2.09024133437702e-08
2.12980929466985e-08
2.25651139036419e-08
2.06201485147036e-08
2.06118469004333e-08
2.22401210026358e-08
1.96293614027812e-08
1.97503147705652e-08
1.98105963755941e-08
1.89599940364553e-08
1.687476525523e-08
1.43228291381415e-08
1.41806067042922e-08
1.62126607352312e-08
1.4429491855517e-08
1.52361773226731e-08
1.50184640552607e-08
1.54374213211889e-08
1.78701053105882e-08
1.56519977146789e-08
1.60819279260632e-08
1.77231170502185e-08
1.7982969287281e-08
1.77632579599458e-08
1.6672591627974e-08
1.66461342932667e-08
1.76688294092097e-08
1.70339639583483e-08
1.78131876498319e-08
1.73291208867133e-08
1.81653578311607e-08
1.81833602388497e-08
1.89159623749666e-08
1.44289720307532e-08
1.65308966387115e-08
1.47442908923027e-08
1.36953150498568e-08
1.29029233192255e-08
2.19801050709765e-08
2.27266852462242e-08
2.22772280402047e-08
2.32168823298953e-08
2.35572453964044e-08
2.45852598329512e-08
2.18657034560675e-08
2.41008069834761e-08
2.66689597820728e-08
2.16779125397617e-08
2.15867293036962e-08
2.05737855518189e-08
2.05019791386328e-08
1.87877810686452e-08
1.61790714107253e-08
1.79887134685311e-08
1.62262837422899e-08
1.66080316391072e-08
1.75899074505132e-08
1.70894004222757e-08
2.03048438423847e-08
1.78533566607452e-08
1.93230685211617e-08
1.97821690379581e-08
2.05963503440993e-08
1.83384148469272e-08
1.97754269942478e-08
1.92621761783277e-08
1.9810968089317e-08
1.91871028684279e-08
1.96053144868232e-08
2.03632077411693e-08
2.13206579439612e-08
2.10788665993098e-08
2.24839436592333e-08
1.90421397722537e-08
1.80581494077808e-08
1.64687065869344e-08
1.6166021540002e-08
1.5051418715924e-08
2.42069236003365e-08
2.39111293500022e-08
2.46085589768297e-08
2.42272116001969e-08
2.61591264146899e-08
2.58065445981429e-08
2.52806265098315e-08
2.75070402996696e-08
2.88452465792107e-08
2.33451971235562e-08
2.32743479160786e-08
2.38225355908632e-08
2.10394999294716e-08
2.28224194352952e-08
2.26205391488226e-08
1.99699707361865e-08
1.86040998495238e-08
1.76603760333929e-08
1.91021102248971e-08
2.19995997605786e-08
2.04777312369738e-08
2.14458067523266e-08
2.23192623179805e-08
2.14737998271648e-08
1.99897310728998e-08
2.10859054770881e-08
2.17327699865056e-08
2.30379284834393e-08
2.2057056801573e-08
2.28621142762936e-08
2.33594559472722e-08
2.48820133423006e-08
2.08049126980226e-08
1.99521189738611e-08
1.85647025969086e-08
1.73266434719805e-08
2.51573370398843e-08
2.65206723691762e-08
2.59952804946134e-08
2.69112022311885e-08
2.73274318185499e-08
2.80094038378199e-08
2.78334846813741e-08
2.93997775140608e-08
3.10869786320424e-08
2.55641051320949e-08
2.51732359837565e-08
2.58616219860114e-08
2.39846288427336e-08
2.37883904538756e-08
2.44184569066356e-08
2.44713039020996e-08
2.43087770515817e-08
2.36595760459273e-08
2.16207100061123e-08
2.00982426851472e-08
2.10460297287089e-08
2.38202079026486e-08
2.30325405131665e-08
2.23994353313547e-08
2.24288023395801e-08
2.30506957222105e-08
2.2875969944356e-08
2.55277515312975e-08
2.30691751370008e-08
2.41742089653519e-08
2.40864630150131e-08
2.45923007641522e-08
2.43649846363684e-08
2.57010919255684e-08
2.77339644222668e-08
2.71658945168467e-08
2.14878041396445e-08
2.32193535820736e-08
2.10909548405215e-08
1.97275931190099e-08
2.78365068961293e-08
2.7671245018989e-08
2.9085373935696e-08
3.33898677976646e-08
2.94035095017009e-08
2.94679617464189e-08
3.02370092097195e-08
3.06230912683978e-08
3.2017771864998e-08
3.45816223035274e-08
2.85760951774841e-08
2.87248621353956e-08
3.0086073001101e-08
2.56219888679043e-08
2.57544397617989e-08
2.64684562570477e-08
2.55011004132827e-08
2.52355305526311e-08
2.62866469742135e-08
2.282033415955e-08
2.47335520771456e-08
2.40017420282635e-08
2.46161007941642e-08
2.46957073439465e-08
2.73685321020677e-08
2.55745505621085e-08
2.59612470042377e-08
2.62883939879828e-08
2.61286749270533e-08
2.77016162430147e-08
2.80309087127212e-08
3.03738615064928e-08
2.98743505451162e-08
2.50908242405794e-08
2.27404843508516e-08
2.45018106051183e-08
2.22534021120225e-08
3.02993652711585e-08
3.14628886736338e-08
3.25726062418502e-08
3.57777089296925e-08
3.82404668336339e-08
3.19322123617157e-08
3.24401537359903e-08
3.25163073090119e-08
3.42187020957032e-08
3.62023491101979e-08
4.07626059248856e-08
3.12838240672809e-08
3.27206807862624e-08
3.30950852166185e-08
2.74433802023727e-08
2.88511651766046e-08
2.76552451916572e-08
2.75592448709262e-08
2.86186950952393e-08
2.74339006916499e-08
2.65701366012781e-08
2.85028096879181e-08
2.57059172894759e-08
2.57341837901682e-08
2.68861004904593e-08
2.76495337502207e-08
2.93021454023891e-08
2.75638989499679e-08
2.81673319743088e-08
2.75486880359066e-08
2.92520111289954e-08
2.96096676463686e-08
3.22657680101398e-08
3.28176051247608e-08
3.17306818045635e-08
2.67161225262053e-08
2.63397394269086e-08
2.49033512149773e-08
3.26690602109946e-08
3.39460886411513e-08
3.61685587087392e-08
3.4888658239557e-08
3.45694206429014e-08
4.02258882975231e-08
3.82404668336339e-08
3.51463290559614e-08
3.60952370307158e-08
3.78306953748445e-08
4.33725806083312e-08
4.19014480281905e-08
3.45533723748676e-08
3.45438777507187e-08
3.50441459402594e-08
3.61589010665098e-08
2.92629186186408e-08
3.02384439363936e-08
3.08601462487796e-08
2.97498797643659e-08
2.965340932006e-08
3.0453861787941e-08
2.78290334229611e-08
3.04765557145909e-08
2.87882349445301e-08
2.86883951266518e-08
2.97655819924111e-08
3.06471189098323e-08
2.98372766985377e-08
3.07840335167226e-08
3.0377198807011e-08
3.1948496728942e-08
3.41529227965368e-08
3.46264562243474e-08
3.63132020342973e-08
3.37319578305022e-08
2.85777547893021e-08
3.01655616639259e-08
2.76768753514983e-08
3.82940420051758e-08
3.59260879242356e-08
3.77867281051765e-08
3.76955014477345e-08
3.68299474662748e-08
3.83699283282598e-08
3.97006567302511e-08
4.60574817819815e-08
3.99013210288176e-08
3.82209985441292e-08
4.2515383615728e-08
4.4697444815521e-08
3.89095918393745e-08
3.78291390106397e-08
3.84729050983596e-08
3.14804518396169e-08
3.30102949595835e-08
3.19931041682069e-08
3.31465734371617e-08
3.27952183735519e-08
3.2430493081461e-08
3.1579338804759e-08
3.24035329681724e-08
3.05214001234318e-08
3.24590551132912e-08
3.08740387887632e-08
3.07171465136413e-08
3.18921485314171e-08
3.22161548387714e-08
3.26742348041706e-08
3.30486389029877e-08
3.49081039395087e-08
3.6193104382743e-08
3.76833076809803e-08
3.73100802753327e-08
3.20694048471056e-08
3.05735719664278e-08
3.98306110521038e-08
3.91071791237623e-08
3.98384700871991e-08
4.07094816383496e-08
4.20112785433455e-08
4.73477900427589e-08
4.88006884609105e-08
4.15786515019559e-08
4.47967286676865e-08
4.67311017994818e-08
4.03517366365755e-08
4.0274972145179e-08
4.15734662417843e-08
4.0727079756396e-08
3.4936643681022e-08
3.38936068242006e-08
3.47069146964315e-08
3.5212285164979e-08
3.46399371949762e-08
3.53130380657067e-08
3.45092153151138e-08
3.51971784358671e-08
3.43913015892272e-08
3.41838601372629e-08
3.46183292892833e-08
3.32761317886698e-08
3.40799429213087e-08
3.60507511574302e-08
3.43507046577221e-08
3.62197639156362e-08
3.71828552075401e-08
3.9526918417133e-08
3.91514703282337e-08
4.21928930110479e-08
3.36192846735236e-08
3.52975151666717e-08
3.35932099493255e-08
5.16445354811585e-08
4.19026830744371e-08
4.21089186039808e-08
4.27975072394332e-08
4.46370618181245e-08
4.37801940075106e-08
4.9758166487958e-08
4.50261446996883e-08
4.76613462727396e-08
4.39446670440552e-08
4.31136867241147e-08
4.46332327182037e-08
4.38028526425352e-08
3.79811755198457e-08
3.79812212800422e-08
3.69609266952532e-08
3.62276523929076e-08
3.70219336704381e-08
3.75908796315932e-08
3.67401520403103e-08
3.72731692024547e-08
3.63102140074022e-08
3.64525829416219e-08
3.61529090234778e-08
3.87652265831984e-08
3.64329430682916e-08
3.69772128517403e-08
3.83600696670088e-08
3.9718369787834e-08
3.9365641463427e-08
4.14153011982121e-08
4.33448030803603e-08
4.44892180567666e-08
3.77348466961976e-08
3.67357391772222e-08
5.30750044436394e-08
5.45546034956284e-08
4.44369793739786e-08
4.62092119730323e-08
4.65737783657581e-08
5.10882892205294e-08
5.33508641684138e-08
4.8321411150422e-08
5.06706566283464e-08
4.88476788908598e-08
4.64933370746674e-08
4.61920340704295e-08
4.67459831948202e-08
4.66934681869362e-08
5.75323526718216e-08
4.02062402009552e-08
3.98697760062235e-08
3.87715846996348e-08
4.03072711918948e-08
3.97697204264939e-08
3.93319716614031e-08
4.0722927153418e-08
3.95795380466032e-08
3.79209842654322e-08
3.94561417952926e-08
4.18240094161099e-08
4.17513807337596e-08
3.94656705768615e-08
4.0671871850311e-08
3.92254536745636e-08
4.19182805336453e-08
4.27137664785828e-08
4.488881971848e-08
4.64638845154368e-08
4.67557191350276e-08
4.96898852728749e-08
4.016701919092e-08
4.00105529286934e-08
5.67277679395724e-08
4.85445168752274e-08
4.89087255122293e-08
5.31857550579701e-08
5.57388978359288e-08
5.16429948333704e-08
5.07151639499944e-08
4.88748385822586e-08
4.87448443697948e-08
4.93440838051812e-08
5.18110956183344e-08
5.88696333095187e-08
6.06135071957984e-08
4.30220132474974e-08
4.20924452482836e-08
4.27539757126081e-08
4.08338420812927e-08
4.20391257031734e-08
4.34097760822501e-08
4.22200289115559e-08
4.24194169200668e-08
4.48632374011748e-08
4.1006092823883e-08
4.17656945960961e-08
4.41904571081345e-08
4.5770951637001e-08
4.27041196645477e-08
4.44135436209073e-08
4.30189090019548e-08
4.46757070408636e-08
4.55700084992473e-08
4.51341366596845e-08
4.68631826933045e-08
4.75467192492024e-08
4.90870621903933e-08
5.26063827291737e-08
4.34186941938886e-08
6.03917439833929e-08
5.85680376100467e-08
5.12301096787125e-08
5.14062752581878e-08
5.431102745617e-08
5.43893517488863e-08
5.79617711357295e-08
5.29876713802593e-08
5.21106914623142e-08
5.08121206545242e-08
5.13667020146114e-08
5.46062461692865e-08
6.28342161083299e-08
6.37539445664981e-08
6.31313945595522e-08
4.52450986888397e-08
4.79201613200678e-08
4.61820201995591e-08
4.84073052907729e-08
4.42531902200673e-08
4.66869094523021e-08
4.54423260073918e-08
4.56944528549609e-08
4.82277999431223e-08
4.37330553364385e-08
4.40597267867245e-08
4.60382341751204e-08
4.81167004850846e-08
4.57196897776149e-08
4.51673141805e-08
4.61655028169674e-08
4.74569743886109e-08
4.93555588083043e-08
4.88474407878407e-08
5.02894059128582e-08
5.20028664567069e-08
5.48449633859512e-08
5.54352513062661e-08
4.69534098677181e-08
6.24467894165773e-08
6.07089001948418e-08
5.34361176569736e-08
5.39879425059785e-08
5.66057337719109e-08
5.83998055797569e-08
5.70903841671457e-08
5.51745421873312e-08
5.74612329966955e-08
5.44050047652552e-08
5.49676335297286e-08
5.75813070069237e-08
6.69875084867808e-08
7.0305492027436e-08
6.60252290763463e-08
6.55582811680241e-08
5.03042895261057e-08
4.94172260018935e-08
5.12349670710828e-08
4.9401603030755e-08
4.94066075887531e-08
4.71569889968527e-08
4.82453046977126e-08
4.85868256863319e-08
5.05036958146304e-08
5.09885243237454e-08
4.76632428145493e-08
4.9371763662128e-08
5.23549559967142e-08
4.97743267298323e-08
4.78965930234509e-08
5.03309918704252e-08
5.26689604785163e-08
5.206346058881e-08
5.2499256172189e-08
5.45362838958485e-08
5.66774748950927e-08
5.75137806946491e-08
6.00968104183114e-08
5.0615410293907e-08
7.36878093238567e-08
6.36539087253527e-08
6.79916919261897e-08
6.22047124630963e-08
5.71603160529114e-08
6.04605859219424e-08
5.74884016738392e-08
5.95675323399576e-08
6.03127992497409e-08
5.75899666859464e-08
5.95924191136454e-08
7.01924996298646e-08
6.91516341420005e-08
7.36878093238567e-08
5.21059606347178e-08
5.42403664122114e-08
5.11474533009516e-08
5.36135294006708e-08
5.38858313712759e-08
5.0173735209048e-08
5.40160343593878e-08
5.35361443413884e-08
5.36836644525965e-08
5.16698571491388e-08
5.45592130256755e-08
5.4204544839447e-08
5.24860987796746e-08
5.24860987796746e-08
6.3392310486002e-08
5.42758481777013e-08
5.44400489620004e-08
5.54463885829978e-08
5.79039910179992e-08
5.93728150280234e-08
6.0390206645448e-08
6.21170406712095e-08
5.44056434718069e-08
7.63657378924208e-08
7.71892364896829e-08
8.07535286142998e-08
7.10890876461643e-08
6.65566922806968e-08
6.91743438810651e-08
6.37558485317799e-08
6.69355601780596e-08
6.18066379487434e-08
6.18811979923089e-08
6.36774372402038e-08
6.22405790424023e-08
7.30143347976006e-08
7.64299760418743e-08
5.59166996262715e-08
5.66114012172783e-08
5.69802494381494e-08
5.28614933342312e-08
5.45338155418678e-08
5.66803808557657e-08
5.7773056843342e-08
5.4468062414964e-08
5.63959457155106e-08
5.64240879878426e-08
5.53145027577877e-08
5.66530294939109e-08
5.58942428725664e-08
5.91180492231848e-08
6.64604761287815e-08
6.5186053145187e-08
5.80938686830444e-08
6.03187880367975e-08
6.18060347687505e-08
6.42471913159882e-08
6.46315696610643e-08
5.8325309874405e-08
7.89539317149911e-08
8.17776613010323e-08
8.44183752393073e-08
7.43747985667319e-08
7.23181582413475e-08
6.98749951314058e-08
6.64156809953311e-08
6.41647609458925e-08
6.59690142118128e-08
6.55913886115421e-08
6.84219377316329e-08
6.99531940793868e-08
7.93949182916431e-08
7.696099355289e-08
5.83927618318039e-08
5.89742477746155e-08
5.94036098857422e-08
5.97279906922084e-08
5.61415411213118e-08
5.76333344578999e-08
5.96144173755272e-08
6.20575713168906e-08
5.94582369575394e-08
5.70969512376221e-08
5.8470463751426e-08
5.91379437670462e-08
5.80711811731979e-08
5.89843508019913e-08
5.93374601020679e-08
6.16382485431528e-08
6.47407210118545e-08
6.81229419189714e-08
6.80372031989532e-08
6.186666824494e-08
6.28029952249733e-08
6.52614693555376e-08
6.75243594701321e-08
6.03523866875063e-08
8.53228855453084e-08
8.20412085247118e-08
8.3445418140165e-08
8.81756076180966e-08
7.76135262710159e-08
7.54156858946833e-08
7.00705600995784e-08
7.27939130785189e-08
7.19374412136273e-08
6.9025595454146e-08
6.87080409465189e-08
7.16808260107365e-08
7.24103109891467e-08
8.10076654345406e-08
6.14950245232125e-08
6.17845530955128e-08
6.2289530586826e-08
6.35688529725605e-08
6.01184785784317e-08
6.08401010355615e-08
6.29308280503425e-08
6.21522313924441e-08
6.09457350411127e-08
6.11358435215012e-08
6.03523866875063e-08
6.16529784418593e-08
6.13701126037311e-08
6.43742872753272e-08
6.45142522825538e-08
6.62940120256782e-08
6.66958373699752e-08
6.94969953578554e-08
7.08235345132917e-08
6.54592744446639e-08
6.83162769598702e-08
6.99457772029902e-08
6.23906611423291e-08
8.81731365444439e-08
8.53703617272872e-08
8.77390525107465e-08
9.20075636894448e-08
9.14699793606859e-08
8.02311834568804e-08
7.78352232793095e-08
7.19000357498097e-08
7.49328958913788e-08
7.18783052188078e-08
7.40782257965722e-08
7.46486607664426e-08
7.50994454183637e-08
8.45109085484142e-08
6.73363022165753e-08
6.42240723715496e-08
6.617310896845e-08
6.8060955658853e-08
6.29009483049395e-08
6.47546258418662e-08
6.68251236946144e-08
6.39535783561799e-08
6.3615575347589e-08
6.66275508360166e-08
6.44840999917824e-08
6.69676492638646e-08
6.79703119579782e-08
6.95922632639314e-08
7.01786236684834e-08
7.23185911722399e-08
7.48338791026419e-08
7.03195587374681e-08
7.19154134466214e-08
7.37839024348404e-08
6.66042304769921e-08
8.79149690053871e-08
9.19161179797937e-08
8.94579207325361e-08
9.59658265215483e-08
9.6103440019838e-08
9.99938820874494e-08
8.12266895597716e-08
7.85099347186236e-08
7.47634161026669e-08
7.75544451638349e-08
7.6726797750491e-08
8.47255110303221e-08
7.72411559463364e-08
7.81236531924699e-08
7.79812738164598e-08
7.83311006291656e-08
8.79455489958197e-08
9.09453626432144e-08
7.0842645456652e-08
6.87141087571118e-08
7.05679275937979e-08
6.99288955054166e-08
6.68931535671999e-08
6.81094259850207e-08
7.01279495370852e-08
6.62414873479237e-08
6.68970971141665e-08
6.90548235188204e-08
6.96709146283434e-08
7.09473287843385e-08
6.87505772578596e-08
7.03026692345418e-08
7.11593443182367e-08
7.2826769232509e-08
7.35520996853807e-08
7.73402482160824e-08
8.01363666840844e-08
7.3185484323325e-08
7.34996958148734e-08
7.5873977887891e-08
7.68315069724823e-08
7.09547153978565e-08
9.26823893326709e-08
9.56701596243766e-08
9.95322407194415e-08
9.90499779479774e-08
1.04141527606609e-07
8.28637840570691e-08
8.10233146822255e-08
7.95616303443679e-08
8.12018885998468e-08
8.72823843983567e-08
8.03531848355434e-08
8.32648167095339e-08
8.1484492503077e-08
9.11137544237508e-08
9.11144429239302e-08
9.43847050366621e-08
7.55333103354322e-08
7.19605388379085e-08
7.45579650396723e-08
7.32989173626646e-08
7.07065659125087e-08
7.27038226347651e-08
7.18226640715753e-08
7.38095090313849e-08
7.30524908856076e-08
7.39655389390226e-08
7.72619504576848e-08
7.31488040529354e-08
7.30968973131132e-08
7.56042059101005e-08
7.57211115184106e-08
7.59932092564354e-08
8.00222888083203e-08
8.3016885202135e-08
7.6121086566838e-08
7.7224111633056e-08
7.94418379747832e-08
7.95584835693466e-08
7.54444102326881e-08
9.60530952223645e-08
9.9290907102507e-08
1.01708050553133e-07
1.02603681261244e-07
1.05856440048004e-07
1.08384126290496e-07
8.68061471022987e-08
8.45838190213899e-08
8.40250605213757e-08
8.39408664486926e-08
8.82687987249444e-08
8.35884167236357e-08
8.56812431797357e-08
8.48295016333729e-08
9.45017543579959e-08
9.23531191951475e-08
9.80783908142419e-08
7.76647746184963e-08
7.63394133776846e-08
7.62557699795083e-08
7.37950345332198e-08
7.55698641305427e-08
7.64285193504361e-08
7.81524497301016e-08
8.01446669335326e-08
7.93300805777645e-08
7.77485394413392e-08
7.90257078769659e-08
7.85316539968571e-08
7.93287229886294e-08
8.54340051575621e-08
8.07185568262243e-08
8.07542400862054e-08
8.32788327177064e-08
8.52837602787004e-08
8.00759545879108e-08
1.01512710280684e-07
1.0288385384108e-07
1.06076704277577e-07
1.08133823985768e-07
1.09293790953791e-07
1.1207321047378e-07
1.12722058271352e-07
9.02429909100333e-08
8.9382112205715e-08
8.75236461598912e-08
8.67773977698721e-08
9.06825716085432e-08
9.39574676462131e-08
8.9044426644657e-08
8.87404074916783e-08
9.86232022759143e-08
9.56159320701073e-08
9.77777037480797e-08
1.02136540924812e-07
1.05214456896737e-07
7.98196059110411e-08
8.23064032028643e-08
8.05875924823056e-08
7.90331047758668e-08
7.85748997077661e-08
8.02470116787657e-08
8.22813816701969e-08
8.31372209831826e-08
8.38099262066189e-08
8.12491781561199e-08
8.16797326046631e-08
8.25245022226976e-08
8.26233609916971e-08
8.89821889509879e-08
8.47428281518104e-08
8.4338683681333e-08
8.70756610537424e-08
8.48781938561502e-08
1.06096177219975e-07
1.10105604210488e-07
1.13914612335786e-07
1.15528732568478e-07
1.17190254186939e-07
9.30607395067287e-08
9.42691750159222e-08
9.4114137780119e-08
9.12957182010422e-08
9.4208751039702e-08
9.32035860367838e-08
9.83610568876402e-08
1.01828061573567e-07
1.01620771646841e-07
1.01075071051047e-07
1.09237070710028e-07
1.05103124832509e-07
1.08145478373107e-07
8.63035515229471e-08
8.35999988382186e-08
8.42694682210601e-08
8.51165163240881e-08
8.37384308200607e-08
8.30972868232546e-08
8.61779866588231e-08
8.76554589586855e-08
8.62382761215738e-08
8.54669365689492e-08
8.7015819252614e-08
8.45348327539063e-08
8.470332525648e-08
8.70543864315647e-08
8.8259933660482e-08
9.19037532136567e-08
8.76886218198408e-08
9.05875564626774e-08
9.1096746167174e-08
8.98398769720223e-08
1.21739599746647e-07
1.12016653745417e-07
1.13880606442887e-07
1.24030292997185e-07
1.14169219642343e-07
1.18071300136663e-07
1.20817322871478e-07
9.66681019187776e-08
9.65107179949721e-08
9.51876785050473e-08
9.79984008375803e-08
9.76318241194133e-08
9.86521044389127e-08
9.65064437263187e-08
1.02180556370449e-07
1.06012692133636e-07
1.04857667751236e-07
1.11906226858929e-07
1.09368501113373e-07
1.15669800291752e-07
8.95412417581019e-08
8.92619917437881e-08
8.72112966384692e-08
8.88907885532649e-08
8.76140627857441e-08
8.94631429423058e-08
9.10413701643178e-08
8.91534011184944e-08
8.98217812068209e-08
8.93919006783047e-08
9.0479914648727e-08
8.79705612047832e-08
8.86076086077754e-08
9.17761536623089e-08
9.12307948926793e-08
9.44499665818663e-08
9.28734174804486e-08
9.46179333312825e-08
9.36544688331932e-08
9.23577867086217e-08
1.2643535470085e-07
1.2858274627093e-07
1.15884764296068e-07
1.17619111642998e-07
1.26860265857938e-07
1.21344753508332e-07
1.25145889870906e-07
1.00182247459366e-07
1.00955007808544e-07
9.833881626636e-08
1.01183638615697e-07
1.01184431415574e-07
1.03346879770428e-07
1.0266210802223e-07
1.06073850156374e-07
1.10806897834494e-07
1.10251541020403e-07
1.15486703662742e-07
1.18634288402374e-07
9.30187933237207e-08
9.27033984343565e-08
9.22546752618241e-08
9.41835661561758e-08
9.24221351416879e-08
9.50819801845759e-08
9.42562575744765e-08
9.30849634256281e-08
9.45234428595798e-08
9.20139492555687e-08
9.53030058902345e-08
9.49811052886877e-08
9.86798430509562e-08
9.85728427224475e-08
9.80102311594e-08
9.75702301211234e-08
9.49554085160391e-08
1.31229303285092e-07
1.31680378325527e-07
1.22343539021294e-07
1.21360370805986e-07
1.29800955263085e-07
1.26372291405354e-07
1.03889632907548e-07
1.04790717339881e-07
1.02584208610993e-07
1.0446032319074e-07
1.06546687497856e-07
1.22770945658904e-07
1.08490886677126e-07
1.12275866652921e-07
1.1328726528448e-07
1.16719047808876e-07
1.20194627973562e-07
9.70253057928499e-08
1.00604990635839e-07
9.71125798449114e-08
9.76975069494188e-08
9.62280638020667e-08
9.94285719096991e-08
9.76889655547484e-08
9.74388295624032e-08
9.71278956283486e-08
9.98816853413448e-08
9.629490771749e-08
9.83129649135692e-08
9.88043965423273e-08
1.03004463152088e-07
1.03327691948148e-07
1.019481892952e-07
1.01607530286977e-07
1.00228974496088e-07
1.36145377995191e-07
1.41199142674315e-07
1.36658983386989e-07
1.36497156605172e-07
1.26088568732297e-07
1.25385411296352e-07
1.33384560251998e-07
1.30674631551228e-07
1.0884928510981e-07
1.06614924609903e-07
1.07999299046646e-07
1.08187018484146e-07
1.10523966197933e-07
1.26136450991373e-07
1.30617386365536e-07
1.13396792930604e-07
1.16049717826349e-07
1.18509820280482e-07
1.23003739103508e-07
1.05312191821851e-07
1.00932016351245e-07
9.96680473835823e-08
1.01769430272834e-07
1.01685495507547e-07
1.03973841766273e-07
1.01528030948293e-07
1.01292140646575e-07
1.00848915437445e-07
1.04237380001391e-07
1.01858949133261e-07
1.05243794430615e-07
1.04463039432131e-07
1.06483264675837e-07
1.08806046899363e-07
1.09672642646374e-07
1.08314754876366e-07
1.05677519669467e-07
1.41064567325563e-07
1.46351503542489e-07
1.42288857915898e-07
1.38690834953821e-07
1.39412265119882e-07
1.29715263196803e-07
1.35321960872105e-07
1.13557165164988e-07
1.11073092936127e-07
1.1352432016575e-07
1.16265827242514e-07
1.34698472698124e-07
1.27474728914447e-07
1.31905284431713e-07
1.18934925006653e-07
1.20142134981019e-07
1.23076780404087e-07
1.26682999238392e-07
1.0526345167608e-07
1.0312464931941e-07
1.0548102800321e-07
1.08238451750023e-07
1.05278482032269e-07
1.04502253343298e-07
1.04401258513172e-07
1.08619487614954e-07
1.07451365101524e-07
1.08621651268462e-07
1.08483543151266e-07
1.0716140759636e-07
1.08483543151266e-07
1.10942597495277e-07
1.11277080053418e-07
1.11517229042952e-07
1.09588327608896e-07
1.13748829081091e-07
1.13505841382528e-07
1.15410857585058e-07
1.11321814387797e-07
1.46327020236067e-07
1.51680497948993e-07
1.47187305038573e-07
1.44216935525671e-07
1.43487412643743e-07
1.51586585735232e-07
1.51814454080678e-07
1.39568586035656e-07
1.36233159958911e-07
1.18927652606708e-07
1.15871415130111e-07
1.18340209845034e-07
1.2020404280985e-07
1.38870487904024e-07
1.23748278912461e-07
1.31119771657137e-07
1.35343513230887e-07
1.24343818115603e-07
1.28746023101663e-07
1.09622663052789e-07
1.12137270455082e-07
1.09320565470378e-07
1.12536613698787e-07
1.08564643365929e-07
1.11327081276406e-07
1.12656981865355e-07
1.1341507805754e-07
1.12597035741021e-07
1.14570073718618e-07
1.15355082301684e-07
1.13226202309054e-07
1.17834289187284e-07
1.17301326594225e-07
1.1933565952713e-07
1.19619238302348e-07
1.17141154619412e-07
1.54371713441106e-07
1.57119516034818e-07
1.56934834871516e-07
1.49140456727756e-07
1.46539274146152e-07
1.43548164250529e-07
1.5715746294737e-07
1.54897895342948e-07
1.42387884271175e-07
1.23592816297549e-07
1.19998121538057e-07
1.2268928092245e-07
1.44015188313796e-07
1.39993854724076e-07
1.38032745702479e-07
1.26727138323488e-07
1.2720238947348e-07
1.35533610325243e-07
1.30614124349717e-07
1.15438288095211e-07
1.1555631580178e-07
1.15168321695189e-07
1.15295169186479e-07
1.1506974271626e-07
1.16790733156366e-07
1.18123579139066e-07
1.16707475117463e-07
1.18622565149437e-07
1.1833349575481e-07
1.18042874982729e-07
1.21000848770955e-07
1.17607165990204e-07
1.19876837266929e-07
1.21663122732651e-07
1.23971023313134e-07
1.22258787436791e-07
1.23570537998393e-07
1.24227785523926e-07
1.20109491810367e-07
1.60958672551356e-07
1.6270902387881e-07
1.61712621385688e-07
1.51955879501854e-07
1.48794040867098e-07
1.62732173881896e-07
1.57453324196003e-07
1.50607956421563e-07
1.49173831244639e-07
1.30280269881532e-07
1.27189448803631e-07
1.2663263822134e-07
1.45326827955562e-07
1.42234264048686e-07
1.40240118563335e-07
1.3290955427967e-07
1.36449682199111e-07
1.33809079256831e-07
1.19447065085846e-07
1.19787886381252e-07
1.23054845845403e-07
1.20438250844369e-07
1.22086811214919e-07
1.20109491810367e-07
1.21609648206046e-07
1.21878842603234e-07
1.22214213263547e-07
1.25702760330814e-07
1.23630124929201e-07
1.2390756999427e-07
1.27543347374587e-07
1.28610825777839e-07
1.2904595325488e-07
1.28410481086812e-07
1.28268918314275e-07
1.23141843328023e-07
1.67378699195919e-07
1.68456026879072e-07
1.67600979711e-07
1.74327854651795e-07
1.66980033476162e-07
1.54217020704547e-07
1.63742222000479e-07
1.60158048469448e-07
1.50620626395279e-07
1.54645438380388e-07
1.54083502270775e-07
1.32740652194457e-07
1.32790267436815e-07
1.44972419755749e-07
1.42116908926697e-07
1.37359632730426e-07
1.42539541225059e-07
1.37398629600924e-07
1.39678339742199e-07
1.24857448726226e-07
1.29015882136157e-07
1.26348192301541e-07
1.26238503997891e-07
1.25457502286795e-07
1.2684889695307e-07
1.26312672055158e-07
1.26223807585032e-07
1.26352951868461e-07
1.28051494828682e-07
1.30338432936135e-07
1.31717624238988e-07
1.33279203850177e-07
1.31949532223552e-07
1.3361245696006e-07
1.32606247883354e-07
1.34837800538691e-07
1.29330872978247e-07
1.73488466476703e-07
1.74060492058524e-07
1.71671317355125e-07
1.76637894853076e-07
1.80404990569778e-07
1.70248221298722e-07
1.49691863352741e-07
1.52575060742393e-07
1.58495971683419e-07
1.64267622866142e-07
1.68654994698152e-07
1.55490363946236e-07
1.59130199723019e-07
1.36863126427514e-07
1.37352552745439e-07
1.4576840355195e-07
1.4576613431062e-07
1.44487567093918e-07
1.30308381872877e-07
1.33674062464139e-07
1.32241857625465e-07
1.30519145637842e-07
1.29986515267106e-07
1.30699772578124e-07
1.32530736603035e-07
1.314903605169e-07
1.35090496396555e-07
1.39149427726302e-07
1.37738889158461e-07
1.36694085928141e-07
1.39458503187578e-07
1.39035165377831e-07
1.39824107137596e-07
1.35756193961773e-07
1.79105659973379e-07
1.77857261757462e-07
1.77078930353941e-07
1.82747029593708e-07
1.81781419484811e-07
1.86623428454946e-07
1.74503355962936e-07
1.50383024395146e-07
1.54911631704001e-07
1.59142295990941e-07
1.65395347748929e-07
1.70263746464216e-07
1.74214335917352e-07
1.63593608657275e-07
1.41388948780549e-07
1.45424968461529e-07
1.5093104026109e-07
1.49033694496686e-07
1.50714637732326e-07
1.3522736387758e-07
1.37891904327428e-07
1.34863945928886e-07
1.36823491575503e-07
1.3797012387263e-07
1.35314110149152e-07
1.34612925604099e-07
1.39038356547766e-07
1.36204783087487e-07
1.40127748869359e-07
1.43587677738786e-07
1.39736539908541e-07
1.43701707364213e-07
1.42752753862854e-07
1.43212039032159e-07
1.43953552273784e-07
1.47030645043904e-07
1.4238817222458e-07
1.85260033887075e-07
1.81628448310485e-07
1.83430905735899e-07
1.88424370525167e-07
1.89807347393994e-07
1.93017132099919e-07
1.99613049361062e-07
1.7997900621232e-07
1.63931446721485e-07
1.55961116150436e-07
1.60751296091766e-07
1.72794435779751e-07
1.74173456992712e-07
1.79218190340115e-07
1.68970608851005e-07
1.73107453256648e-07
1.47556193796752e-07
1.5063405078416e-07
1.56542815991506e-07
1.53560412435318e-07
1.56723478440319e-07
1.4031190875247e-07
1.43182739824348e-07
1.48062203421807e-07
1.39486869566329e-07
1.4130959678392e-07
1.4235548951315e-07
1.39581646224544e-07
1.45766131706308e-07
1.42264245484773e-07
1.44607849638772e-07
1.44663488904958e-07
1.49175220741452e-07
1.46467157324351e-07
1.47625263912295e-07
1.51208051916124e-07
1.51143529670147e-07
1.4923492641395e-07
2.06373485109253e-07
1.92027391228802e-07
1.93830045619394e-07
1.87018898523353e-07
1.89258537138675e-07
1.97095894688772e-07
2.04076514099304e-07
1.88648125606506e-07
1.85472904826329e-07
1.60999823927644e-07
1.66834832120787e-07
1.6340967257969e-07
1.71827993188719e-07
1.78558755708861e-07
1.83722671473907e-07
1.75188728831693e-07
1.78519085938636e-07
1.5499562903334e-07
1.57376601793899e-07
1.61384844282988e-07
1.60229154035124e-07
1.51147230297723e-07
1.54018589141732e-07
1.46523886998423e-07
1.5054667601134e-07
1.53236313625547e-07
1.44326641241077e-07
1.48843334196487e-07
1.47157809081923e-07
1.4891603240459e-07
1.50466008834353e-07
1.52832560611773e-07
1.5365138837809e-07
1.59956786422847e-07
1.56657408547607e-07
1.59198409452721e-07
1.56306800561859e-07
2.13361008560838e-07
2.10217929118129e-07
1.98460703339893e-07
1.98160141558975e-07
1.92292291284196e-07
2.05087799338788e-07
2.11918400035325e-07
1.93914310760573e-07
1.91215765610246e-07
1.89423391850695e-07
1.67548359702304e-07
1.71213055909902e-07
1.76582334885696e-07
1.84544899825021e-07
1.79872967586423e-07
1.62183923494506e-07
1.60316801468725e-07
1.65940014527663e-07
1.65053548850869e-07
1.66913079518917e-07
1.54309960244084e-07
1.5919286377536e-07
1.58146359442586e-07
1.58012581811754e-07
1.53057874105508e-07
1.58684496682763e-07
1.49308633862618e-07
1.54614572512917e-07
1.54429204346029e-07
1.55134048622054e-07
1.54994665754271e-07
1.67883376985965e-07
1.58868072816134e-07
1.62702572032408e-07
1.62965612792751e-07
1.63189454249853e-07
1.63634106112714e-07
2.16915679208179e-07
2.20556531395246e-07
2.27950248176861e-07
2.16915679208179e-07
2.04114293084154e-07
1.98401497855146e-07
2.02436890930794e-07
2.10474932150111e-07
2.18998124629267e-07
1.98560443729491e-07
1.95426451814577e-07
2.04454932991656e-07
1.90986245682098e-07
1.72355426575688e-07
1.77340304964992e-07
1.8052434737791e-07
1.85391875553723e-07
1.91013000351976e-07
1.69088893055368e-07
1.74466244842832e-07
1.72713118197124e-07
1.80924085144467e-07
1.59475315320081e-07
1.67405842550813e-07
1.63705658266673e-07
1.6502919176107e-07
1.64777074509043e-07
1.59274356090793e-07
1.64541300333518e-07
1.58036518500082e-07
1.60326639414592e-07
1.61050508582967e-07
1.73046892987714e-07
1.6896885959995e-07
1.73535099739836e-07
1.66479456751041e-07
1.67975026976272e-07
1.70573070978055e-07
1.71232512862543e-07
2.35620761512061e-07
2.27952101777065e-07
2.26414990582105e-07
2.06719996470915e-07
2.05886863415268e-07
2.14397209280103e-07
2.17777934903271e-07
2.20630156057928e-07
2.24498567533671e-07
1.97298944228297e-07
2.02000120726699e-07
2.13053700915016e-07
2.09084920378094e-07
1.95765098450516e-07
1.78925182056909e-07
1.83359287717213e-07
1.84629483071456e-07
1.88580050338671e-07
1.94881238744278e-07
1.895414203142e-07
1.76690887231701e-07
1.80389043776585e-07
1.85983500513112e-07
1.72509573248263e-07
1.64987910655578e-07
1.69344535187602e-07
1.7040241913292e-07
1.72029754284181e-07
1.67832617163179e-07
1.70006088364875e-07
1.64441162883401e-07
1.67110990611162e-07
1.68057283970663e-07
1.77896431734652e-07
1.73754602855992e-07
1.78195843067219e-07
1.75263176150843e-07
1.71741444742881e-07
1.75679909620819e-07
1.77789929108762e-07
1.79094240320745e-07
2.4352494785201e-07
2.39127772497521e-07
2.33737928182945e-07
2.34483616558145e-07
2.14409831139326e-07
2.23575189581911e-07
2.30767888466836e-07
2.1892120139814e-07
2.01806827096408e-07
2.06786133960302e-07
2.16484073472247e-07
2.0228478614027e-07
1.85541694695264e-07
1.89670612767166e-07
1.96917562340685e-07
1.95774819896748e-07
1.85319966340894e-07
1.88040597827261e-07
1.92180137421786e-07
1.76468941045967e-07
1.72628407349445e-07
1.76222204883168e-07
1.79954808047021e-07
1.76558440566736e-07
1.75647061678527e-07
1.7200310543918e-07
1.710865582468e-07
1.75194607434919e-07
1.84058248606304e-07
1.88997649219152e-07
1.7862268478112e-07
1.82951257238466e-07
1.79928963478613e-07
1.79895688750176e-07
1.84685923865876e-07
1.82372228893512e-07
1.83378647602565e-07
1.87234796325889e-07
2.51672445859929e-07
2.60143713872232e-07
2.77967987156539e-07
2.68903118179036e-07
2.47573408075449e-07
2.53436076158551e-07
2.8740148023058e-07
2.41627439858112e-07
2.4236382746913e-07
2.3813290649033e-07
2.23270766348861e-07
2.32364513001485e-07
2.25672367177983e-07
2.22280338571318e-07
3.53241070486871e-07
2.9722000161305e-07
3.40942254164517e-07
3.29236775984982e-07
3.18080409941436e-07
3.07433110564075e-07
3.58120382065881e-07
3.662091937335e-07
4.45308035669503e-07
2.08141318187967e-07
2.18108188848956e-07
2.09845959425702e-07
2.06519967207864e-07
1.94233718281237e-07
1.9466161957818e-07
1.99786637270203e-07
2.03141607793531e-07
1.93240090261119e-07
1.98509122785839e-07
1.9462210918268e-07
1.98802106250514e-07
1.8148209075284e-07
1.86824725205368e-07
1.82006759723217e-07
1.80933854685316e-07
1.84944737924165e-07
1.8975635886475e-07
1.81223492203986e-07
1.77959503553476e-07
1.76594690072685e-07
1.81061068365581e-07
1.88838223470096e-07
1.8538460903776e-07
1.85132928398142e-07
1.91087431777251e-07
1.88805288542437e-07
1.95671487252495e-07
2.04437756031985e-07
2.60143713872232e-07
2.82653534185013e-07
2.70174562580021e-07
2.524925066914e-07
2.59776294637425e-07
2.92935885974949e-07
2.87591907160454e-07
2.49570672999302e-07
2.46396426612028e-07
2.44352281119414e-07
2.30647753161321e-07
2.37626173272364e-07
2.31046958964873e-07
2.25452071273184e-07
3.46040703016054e-07
3.05736015093308e-07
3.04786600471751e-07
3.30526026994945e-07
3.15435112624922e-07
3.53598637589796e-07
4.27009950723374e-07
4.32733934910559e-07
3.79939124331869e-07
3.94545440772659e-07
4.10173048171181e-07
3.67174874182716e-07
3.77580620792594e-07
4.45308035669503e-07
2.15543947132198e-07
2.23505801453782e-07
2.16454312989926e-07
2.11349036530456e-07
2.00198403874497e-07
2.06315839994688e-07
2.10833154027806e-07
2.16933933958608e-07
1.94957384519781e-07
2.01246728687705e-07
2.04657544288396e-07
2.00971519236352e-07
2.03520851564187e-07
1.9563940190331e-07
1.88347400764126e-07
1.92671252942941e-07
1.87450268924308e-07
1.8723675746419e-07
1.9301092706578e-07
1.86978925098311e-07
1.83589469947297e-07
1.83983664702367e-07
1.91357161089251e-07
1.90191670912801e-07
1.9369547655387e-07
1.97883009910798e-07
1.96788608819892e-07
2.01279289922294e-07
2.06688304096621e-07
1.98818924840195e-07
2.08966057097574e-07
2.70377086892194e-07
2.77967987156539e-07
2.57172596700094e-07
2.65313745397893e-07
2.96450394544214e-07
2.83239869009089e-07
2.52880805954786e-07
2.51061829650431e-07
2.45035988385621e-07
2.39338021084202e-07
2.38315736721729e-07
2.30540946432807e-07
3.03173302830352e-07
3.38066498474211e-07
3.13259552570735e-07
3.23611786240031e-07
3.30860180109786e-07
3.4931819298737e-07
3.61631851609464e-07
4.1962985145329e-07
4.34713750556999e-07
3.91936843071357e-07
4.05336537859045e-07
3.81011605203689e-07
4.45308035669503e-07
2.24815633285593e-07
2.22048161197889e-07
2.08243354756305e-07
2.13411445858639e-07
2.2070137220518e-07
2.23507761839844e-07
2.07552350916051e-07
2.04472463699833e-07
2.1025509405492e-07
2.08338458802707e-07
2.09960530656109e-07
2.14010876066705e-07
2.021834419948e-07
1.97830365817331e-07
1.94909673224532e-07
2.01484309654136e-07
1.94568006551191e-07
1.95503354649936e-07
1.92890367116745e-07
1.97564410660258e-07
2.03298415697939e-07
2.05661926076443e-07
2.05473145433909e-07
2.11257164801672e-07
2.0480212280889e-07
2.13561864900314e-07
2.73839883186887e-07
2.62820281707261e-07
2.92578253503358e-07
2.83818256202897e-07
2.57441546505537e-07
2.52468428311067e-07
2.52205493903013e-07
2.46751128505739e-07
2.43815364818566e-07
2.37844790554111e-07
2.31554631643976e-07
2.97321823691636e-07
3.13171186302009e-07
3.39949577481091e-07
3.27253908666009e-07
3.52363929992184e-07
3.67868101576063e-07
4.3413844664815e-07
4.22212360363772e-07
4.0127452225298e-07
3.86319255925277e-07
4.45308035669503e-07
2.29217652731719e-07
2.16462166000971e-07
2.2060868077515e-07
2.28236472464652e-07
2.31770407649348e-07
2.10363220666003e-07
2.15398998631071e-07
2.19600483112877e-07
2.16532145785694e-07
2.06949322299345e-07
2.08707730522769e-07
2.02487606645728e-07
2.0180245259236e-07
2.08708172432123e-07
2.02220688372266e-07
2.01810014320547e-07
2.0319865775486e-07
2.11338583506062e-07
2.15645595031207e-07
2.18250382300576e-07
2.13475550552737e-07
2.10375949849086e-07
2.20455662902452e-07
2.23046148327246e-07
2.76198194131891e-07
2.65754418556172e-07
2.73036008274723e-07
2.89148144354342e-07
3.02326516447024e-07
2.64221970702901e-07
2.59306389069421e-07
2.56127725644813e-07
2.50171706324883e-07
2.39920203484282e-07
2.40497085178983e-07
3.11257776402528e-07
3.22636366026415e-07
3.41612004398579e-07
3.29865078393043e-07
3.53419054249984e-07
3.80294075243529e-07
3.63789908596712e-07
4.31161010067006e-07
4.13822930433604e-07
3.9405422414289e-07
4.45308035669503e-07
2.38338585418478e-07
2.21419567311942e-07
2.24640454926981e-07
2.28183198794925e-07
2.34921622283621e-07
2.16007324554529e-07
2.22240658311679e-07
2.22033210378073e-07
2.27600626351502e-07
2.24816679130888e-07
2.15109826489225e-07
2.13096712384972e-07
2.08671348721365e-07
2.14129597118995e-07
2.07655199451789e-07
2.11527519390691e-07
2.10544998929673e-07
2.19058054938488e-07
2.21386479963717e-07
2.2790893762471e-07
2.19556863737126e-07
2.25941935496822e-07
2.32917891574987e-07
2.35822288933272e-07
2.7965315264474e-07
2.8689783985065e-07
2.75661164081861e-07
3.09341661275814e-07
2.97458889028512e-07
2.71065856830448e-07
2.63965036769071e-07
2.56493968690773e-07
2.60490227385754e-07
2.48413434588941e-07
2.50614432633161e-07
2.4994913150018e-07
3.21005186349595e-07
3.32677597940712e-07
3.44436814738219e-07
3.58526877665197e-07
3.8390469982585e-07
3.6865875357514e-07
4.26253194778254e-07
4.07375452253847e-07
3.93675267808498e-07
4.45308035669503e-07
2.42751743183706e-07
2.30726106148119e-07
2.36423133686924e-07
2.41534894090493e-07
2.34734916357996e-07
2.26084563888411e-07
2.30208860010594e-07
2.3189009387895e-07
2.32851925840473e-07
2.21862543299476e-07
2.21318290030671e-07
2.16012724800539e-07
2.16864080824209e-07
2.16484063169208e-07
2.21606032240562e-07
2.25192580254312e-07
2.25464274610809e-07
2.28727455540001e-07
2.34306286968665e-07
2.28595588274145e-07
2.43208097868798e-07
2.40649091030313e-07
2.43208097868798e-07
2.88606635212594e-07
2.8218363843892e-07
3.09174031615265e-07
3.1798424347672e-07
2.97661635120948e-07
3.05650392653619e-07
2.72104464903811e-07
2.8020290214685e-07
2.59054741153672e-07
2.68929953991092e-07
2.55970132842841e-07
2.60640113953275e-07
2.53349882150262e-07
2.56779633573199e-07
3.29644041042741e-07
3.65194126594817e-07
3.41527881375932e-07
3.52952736675094e-07
3.3797488616069e-07
3.82725332565253e-07
3.75226223233636e-07
4.27123954281769e-07
4.12032353330204e-07
4.03138261416762e-07
4.45308035669503e-07
2.49155369129447e-07
2.39325714017088e-07
2.43658886710073e-07
2.40710150932445e-07
2.35250733695497e-07
2.38357351465935e-07
2.42638511202777e-07
2.30402585414867e-07
2.25846778227242e-07
2.23347485560511e-07
2.3111087694296e-07
2.32522429900564e-07
2.33927912834714e-07
2.36414583052343e-07
2.40376873616167e-07
2.38550020066977e-07
2.38728063616969e-07
2.48518948964699e-07
2.53952185787583e-07
2.45115112868235e-07
2.50805424360325e-07
2.92794434699083e-07
3.15030281918813e-07
3.02383382647612e-07
2.76845047649521e-07
2.84423905378922e-07
2.66654166696246e-07
2.7588962232927e-07
2.57096036516761e-07
2.62428309762128e-07
2.67053509558104e-07
2.61236797203634e-07
3.22537865662975e-07
3.17058941878639e-07
3.55174172516178e-07
3.40877652030342e-07
3.89787241096743e-07
3.6781206776459e-07
3.82860305365327e-07
4.2515240900157e-07
4.09828658640979e-07
4.45308035669503e-07
2.46805693380365e-07
2.53582685202912e-07
2.45886984376027e-07
2.42328262570256e-07
2.49707919041293e-07
2.4483672320046e-07
2.45999395477035e-07
2.52131393648346e-07
2.44120278586992e-07
2.37588091728515e-07
2.3579399504398e-07
2.36792093701526e-07
2.39037647812053e-07
2.41536169271681e-07
2.47367068798e-07
2.47535831785918e-07
2.47818289562548e-07
2.56639647142814e-07
2.65190870939753e-07
2.5242845667893e-07
2.56792902419593e-07
2.71029172017361e-07
2.76971295919343e-07
2.98012289209179e-07
3.07521406323552e-07
2.8365721275721e-07
2.92679696117014e-07
2.61453166144194e-07
2.7922723961584e-07
2.86334225746003e-07
2.64766481636691e-07
2.67770925280602e-07
2.7624948734382e-07
2.68576804474978e-07
3.30710340588881e-07
3.15550745465248e-07
3.55924947125977e-07
3.44739486911365e-07
4.10755356160984e-07
3.97229161800877e-07
3.72239604767958e-07
3.8415232161005e-07
4.27116568474243e-07
4.21673887065427e-07
4.45308035669503e-07
2.54379604453863e-07
2.59283692677208e-07
2.5016695789806e-07
2.58679491065768e-07
2.52255196759157e-07
2.59088799301404e-07
2.55670251986642e-07
2.51474439374549e-07
2.45710517954297e-07
2.42496948003356e-07
2.47620884354518e-07
2.49535240272486e-07
2.56992572240172e-07
2.55838759155582e-07
2.62565141106187e-07
2.60041639818267e-07
2.8935253538465e-07
2.71029172017361e-07
2.81827500167783e-07
3.04000273596517e-07
2.94858926678347e-07
3.1011689884186e-07
2.7210026402393e-07
2.85575551473174e-07
2.92371245359635e-07
2.73820480461162e-07
2.8079776010184e-07
3.30085800698401e-07
3.21323803062698e-07
3.59256905629498e-07
3.47816196604692e-07
3.39284403334969e-07
4.07035835067068e-07
3.93376652880494e-07
3.7180668474129e-07
4.17219413774198e-07
4.31754064861781e-07
4.45308035669503e-07
2.67831840706348e-07
2.73411827497697e-07
2.62106011101415e-07
2.65772758431637e-07
2.64839304328579e-07
2.639965937912e-07
2.69960996769316e-07
2.62988940919366e-07
2.56790544640048e-07
2.53718272747754e-07
2.55686454942052e-07
2.61949023137404e-07
2.69198061580924e-07
2.63709697719009e-07
2.67892333349229e-07
2.71179274417668e-07
2.76122219883293e-07
2.92565631990699e-07
2.95812399019604e-07
2.79935437784963e-07
2.88671011275606e-07
3.03711853637143e-07
3.13254806393171e-07
2.77961772227596e-07
2.79202642794543e-07
2.95163243210588e-07
2.83103712643491e-07
2.87372337916813e-07
3.23365789468023e-07
3.34825400113163e-07
3.56223304710012e-07
3.47639401521393e-07
3.9254173781763e-07
3.79743199005599e-07
3.99416337229663e-07
4.1312152315696e-07
4.29271737573894e-07
4.45308035669503e-07
2.76997119934676e-07
2.73092261106647e-07
2.8212469766297e-07
2.72488749194468e-07
2.76138722579017e-07
2.75196406718525e-07
2.78285066352574e-07
2.77470720539573e-07
2.651166074155e-07
2.64270654471887e-07
2.73630216619695e-07
2.72828789889842e-07
2.79373122478533e-07
2.77519860287352e-07
2.79029728731865e-07
2.84197261786438e-07
2.95812399019604e-07
2.99089636246755e-07
3.02398217990394e-07
2.91579641581139e-07
2.99742660439378e-07
3.09115130809809e-07
3.04803511988096e-07
2.85798346869792e-07
2.97630042346724e-07
2.94222574938368e-07
3.27606795796417e-07
3.3802192972984e-07
3.21586019075484e-07
3.59799036272802e-07
3.503295422936e-07
3.71012259838457e-07
3.87171593131034e-07
4.05510007353036e-07
4.25736815202595e-07
4.45308035669503e-07
2.86887337552126e-07
2.8580724620169e-07
2.94280362604035e-07
2.85568695565508e-07
2.8817913405706e-07
2.83447828699898e-07
2.85135998140158e-07
2.75376401660855e-07
2.80795609968861e-07
2.85104208711826e-07
2.86581732167909e-07
2.87364263337039e-07
2.92409595174107e-07
3.16176591316237e-07
3.0921236061141e-07
3.30779953759481e-07
3.00005006833798e-07
3.08335431178362e-07
3.46333192007595e-07
3.10212359140091e-07
2.97082844031527e-07
3.05641987052437e-07
3.47110498001294e-07
3.34676864984397e-07
3.25099152907059e-07
3.04580216986197e-07
3.66136252701973e-07
3.57728914580489e-07
3.83903216718005e-07
3.96278579084325e-07
4.15461052455301e-07
4.31119914569441e-07
4.45308035669503e-07
2.95413762491981e-07
2.93911178288205e-07
2.99966160491388e-07
2.94679326763174e-07
2.97016694833682e-07
2.93550387225045e-07
2.94252632039121e-07
2.868385049188e-07
2.9365500888753e-07
2.98761391644186e-07
2.96195074838748e-07
3.00622048982388e-07
3.23392332312002e-07
3.17778654215522e-07
3.37715227070856e-07
3.09373124648299e-07
3.20314729009878e-07
3.54527504618146e-07
3.62981424163044e-07
3.16087900053191e-07
3.11781777198076e-07
3.30391412139566e-07
3.38954227899922e-07
3.15834420379023e-07
3.08475772929253e-07
3.76595662123942e-07
3.54020648826241e-07
3.69794973583157e-07
3.92605322201742e-07
4.06226688902825e-07
4.25583488195343e-07
4.45308035669503e-07
3.03344286590052e-07
3.06731668970336e-07
3.0668903288715e-07
3.02907949109596e-07
3.04035459611903e-07
3.00045161655893e-07
3.03186564504033e-07
3.07699781944878e-07
3.06060142097491e-07
3.13042584771665e-07
3.31359926395419e-07
3.40180280823865e-07
3.18459464580283e-07
3.29960754704649e-07
3.64876101809742e-07
3.49969863308617e-07
3.63866081177792e-07
3.80903992831685e-07
3.27812933993484e-07
3.37698727112398e-07
3.25862401925178e-07
3.48378592376287e-07
3.59861952850491e-07
3.21400141403644e-07
3.83472006372335e-07
3.71112448494452e-07
4.05974376527379e-07
4.29532223774889e-07
4.45308035669503e-07
3.17122835959388e-07
3.21886939095921e-07
3.19315981240006e-07
3.12860805297214e-07
3.09313060804009e-07
3.13287974340924e-07
3.20378658856527e-07
3.13548866174023e-07
3.15719020186041e-07
3.2757148930001e-07
3.32758101347585e-07
3.42923943988407e-07
3.36026660698257e-07
3.54238687733239e-07
3.75254277873263e-07
3.65680743049007e-07
4.21628597304763e-07
4.00342850002271e-07
3.90393199763893e-07
4.45308035669503e-07
3.31629686891748e-07
3.38937608918487e-07
3.69613782554855e-07
3.5423885437989e-07
3.31627858376634e-07
4.00097222288871e-07
3.88060826536353e-07
4.23335346850621e-07
4.45308035669503e-07
3.31023728717673e-07
3.28151870283406e-07
3.22527537136286e-07
3.22493950376835e-07
3.29560443856143e-07
3.24098400278771e-07
3.40519728743991e-07
3.42702434312327e-07
3.49149755355844e-07
3.47682177463845e-07
3.68086436353715e-07
3.86603170145023e-07
3.86170861236601e-07
4.31785618733942e-07
4.10742130895903e-07
3.99829887308518e-07
4.45308035669503e-07
3.42317188763784e-07
3.44086493204807e-07
3.51787093977562e-07
3.80761818364487e-07
3.64437368189032e-07
3.50394365339404e-07
4.02537060690336e-07
3.93081369937288e-07
3.93502566587503e-07
4.25961632034268e-07
4.45308035669503e-07
3.40341320341088e-07
3.32603264635709e-07
3.31511527697064e-07
3.38313519034958e-07
3.41708240312856e-07
3.51272032650124e-07
3.54087480740681e-07
3.61039099020705e-07
3.57919785604109e-07
3.77382173196311e-07
3.96001497419478e-07
4.02653695929705e-07
4.29537517659459e-07
4.14039827770113e-07
4.45308035669503e-07
3.5123573162795e-07
3.64562358100861e-07
3.77744472795278e-07
3.65693181201601e-07
3.63397260341318e-07
3.98916581454518e-07
4.1592147397958e-07
4.30947405394415e-07
4.45308035669503e-07
3.45768466673655e-07
3.51065874348619e-07
3.41839607910214e-07
3.57426372665252e-07
3.60995423119253e-07
3.69227692468342e-07
3.68076164801189e-07
3.90217718592046e-07
3.83160872951265e-07
4.04155358996582e-07
4.1151412826939e-07
4.2599965822687e-07
4.45308035669503e-07
3.59301781018329e-07
3.80501833882921e-07
3.75866906917884e-07
3.72472140728223e-07
3.95763639879581e-07
4.11180731856963e-07
4.2796296573747e-07
4.45308035669503e-07
3.5875198934217e-07
3.68515940428627e-07
3.7266845254044e-07
3.81935980067977e-07
3.98336372843589e-07
3.94536525521814e-07
4.11156971135726e-07
4.20871702624865e-07
4.45308035669503e-07
3.71807520185452e-07
3.87793452743338e-07
3.86328386630916e-07
3.84928174953712e-07
4.01221637045632e-07
4.25314665856059e-07
4.45308035669503e-07
3.76009321725554e-07
3.86047226080971e-07
4.00662021040751e-07
4.09475238331604e-07
4.26631677225103e-07
4.45308035669503e-07
3.89178596051797e-07
3.9889555391145e-07
3.97646906915601e-07
4.13627000837599e-07
4.29908036932153e-07
4.45308035669503e-07
3.96809109598831e-07
4.14233688341131e-07
4.26633218239933e-07
4.45308035669503e-07
4.0573565377692e-07
4.15127643769246e-07
4.16378515613776e-07
4.45308035669503e-07
4.1982324132828e-07
4.45308035669503e-07
4.26112239482015e-07
4.30757050775718e-07
4.45308035669503e-07
4.45308035669503e-07
4.45308035669503e-07
