0
0
0
0
0
0
0
0
0
0
0
0
0
0
0
0
0
0
0
0
0
0
0
0
0
0
0
0
0
0
0
0
0
0
0
0
0
0
0
0
0
0
0
0
0
0
0
0
0
0
0
0
0
0
0
0
0
0
0
0
0
0
0
0
0
0
0
0
0
0
0
0
0
0
0
0
0
0
0
0
0
0
0
0
0
0
0
0
0
0
0
0
0
0
0
0
0
0
0
0
0
0
0
0
0
0
0
0
0
0
0
0
0
0
0
0
0
0
0
0
0
0
0
0
0
0
0
0
0
0
0
0
0
0
0
0
0
0
0
0
0
0
0
0
0
0
0
0
0
0
0
0
0
0
0
0
0
1.32668931019226e-10
0
0
0
0
0
0
0
0
0
0
0
0
0
0
0
0
0
0
0
0
0
0
0
0
0
0
0
0
0
0
0
0
0
1.88092981138558e-11
2.89924026436455e-10
5.36180561421728e-10
7.58434018571635e-10
0
0
0
0
0
0
0
0
0
0
0
0
0
0
0
0
0
0
0
0
0
1.09374262435165e-11
0
2.53795982671291e-11
0
0
1.32668931019226e-10
1.66143426974515e-10
6.12220922694827e-11
1.18505497126318e-10
1.64976332513551e-10
1.90974186325771e-10
1.18445955117451e-09
4.07691150585945e-10
6.72412955506185e-10
9.62950278479944e-10
0
0
0
0
0
0
0
0
0
0
0
0
0
0
0
0
0
0
9.75745183205708e-11
0
0
3.41121106273202e-11
2.59598481895167e-10
1.55809185904592e-10
3.57605391836358e-10
6.49224280640408e-11
2.39190023685744e-10
4.33433856676307e-10
7.89217136772755e-10
6.05369702887895e-10
5.25507139507393e-10
4.86016487803606e-10
1.66886720338693e-09
8.6301347987562e-10
5.83347332113564e-10
7.92397895537699e-10
1.41880725492054e-09
8.69692685610224e-10
1.18445955117451e-09
2.08562068474657e-09
0
1.65065759350409e-12
0
0
0
0
0
0
0
0
0
0
0
0
1.11149408688832e-10
1.70653441629558e-10
5.18193386786085e-10
1.15667057863984e-10
3.43613008809737e-10
6.1129518860391e-10
5.35861363779539e-10
7.73417870597507e-10
8.88546885447099e-10
3.25676921281925e-10
3.83795657068745e-10
6.66576585219953e-10
1.07404603842033e-09
1.48880711821488e-09
1.2783186442479e-09
1.27398208647348e-09
1.00116788398312e-09
1.14881376931866e-09
1.38017855949938e-09
2.79406746901414e-09
1.41319881260122e-09
1.59817046987147e-09
2.02971674477433e-09
1.86817487097638e-09
3.10293881671605e-09
0
8.53142061008928e-11
7.22339630693271e-10
1.17806763630301e-09
0
1.48016726208648e-10
6.8616221230558e-11
8.99931323652791e-11
0
9.9710972661881e-11
1.5289300761525e-10
1.23589788896811e-10
4.74956113638919e-12
0
1.05336080910623e-09
4.82623397939006e-10
8.01655153128602e-10
6.46363088850443e-10
8.35110640458846e-10
1.30179547512593e-09
1.50761953054535e-09
1.51855563197118e-09
9.48195001824702e-10
1.22160175189189e-09
1.22091149479785e-09
2.0653920007697e-09
1.89792951864019e-09
2.08040839302578e-09
4.11393434512758e-09
2.78642800273035e-09
2.1116126415212e-09
1.79185546350019e-09
1.9389993802811e-09
2.39198391593968e-09
2.67046765371623e-09
3.76778823785075e-09
2.6078654038849e-09
2.76244692915486e-09
3.71744738165353e-09
3.20218705254185e-09
3.00795371560465e-10
7.22585630751075e-10
1.70332619120726e-09
1.18041533122125e-09
2.36235400209371e-10
4.93791190449129e-10
3.14568565960299e-10
3.99983531202999e-10
4.44992044172783e-10
6.26854935463635e-10
7.37183692190583e-10
1.24057264644344e-09
4.00326292660696e-10
1.32668931019226e-10
1.40506222986775e-09
1.74308697910681e-09
1.34791707043338e-09
1.3134285343881e-09
1.27347386494482e-09
2.12220884658669e-09
2.33214865118782e-09
2.57558594559906e-09
2.00725481030965e-09
1.79860655674914e-09
1.94781290060666e-09
2.63626583228259e-09
3.07657976835149e-09
2.7383914045017e-09
3.06112471184742e-09
4.47017888510159e-09
4.82690626459169e-09
5.59833287375431e-09
3.80979034464614e-09
3.0426637821768e-09
2.94113140441314e-09
3.30615401323584e-09
3.55181198057432e-09
4.45148059554762e-09
3.66679995733944e-09
4.57173645549624e-09
4.23427022167208e-09
2.87844506972791e-09
9.21407655292909e-10
1.80972614252937e-09
6.12291468204889e-10
1.17589258244721e-09
7.80976589887368e-10
1.04173786953797e-09
1.45342857423202e-09
9.32028272941151e-10
1.38675232660709e-09
8.27803458310111e-10
1.72576194784005e-09
7.58434018571635e-10
2.04498140972891e-09
2.63836656241404e-09
2.20482095686843e-09
2.09948482174392e-09
2.93087131499766e-09
3.28718303746475e-09
3.61760885756628e-09
3.92672014122301e-09
2.883456335467e-09
2.62505277670234e-09
3.6769631337392e-09
3.91634971717241e-09
3.80818134896864e-09
4.10432011013555e-09
4.75224277575376e-09
7.23292716498597e-09
5.63143208889708e-09
6.78610484358862e-09
4.60820522406005e-09
3.91238058548726e-09
4.41150547223676e-09
5.59833287375431e-09
5.15840276070483e-09
5.22874731416926e-09
5.68978167412508e-09
3.71634935058679e-09
2.75847257210006e-09
1.83423208179719e-09
1.19030024020823e-09
1.79665972733712e-09
1.48317707478711e-09
1.85675420387594e-09
2.37276554038566e-09
1.84949393200688e-09
2.4773346676361e-09
2.44552376064667e-09
1.66886720338693e-09
3.39054961343741e-09
2.95776294464357e-09
3.16367761120658e-09
3.72991826576085e-09
4.43760331905098e-09
3.94517632147241e-09
4.16605462101742e-09
4.88779579952705e-09
4.5876348119212e-09
5.1140503514222e-09
4.66087681849768e-09
5.16615566593507e-09
4.63294243587977e-09
3.49801978002485e-09
4.17030366530921e-09
9.01251988261316e-09
1.09319927369262e-08
5.07926314102625e-09
4.9465801702755e-09
5.13802050264188e-09
5.90490117813381e-09
8.566499682165e-09
6.67305709253166e-09
7.55608604163934e-09
5.46424116920964e-09
5.88584045381609e-09
6.36845849610726e-09
6.33824145912942e-09
6.82348918325262e-09
3.85140150343149e-09
3.25389008201295e-09
2.89437639549061e-09
2.17292780145389e-09
2.24391511118659e-09
2.78593556626738e-09
3.286159312005e-09
3.13108575700589e-09
3.51599508171198e-09
3.45097432387889e-09
2.79406746901414e-09
5.1131915081236e-09
6.22907230491281e-09
4.8571433639518e-09
4.38207088304736e-09
5.3225775308179e-09
5.79178607300831e-09
5.1458636700996e-09
5.81085943347007e-09
6.10565058512506e-09
5.80298438699844e-09
5.60976172379804e-09
6.27484613192788e-09
5.66391636192153e-09
4.86858410425186e-09
5.9617123239282e-09
1.1950703180104e-08
9.96280797788442e-09
1.14340023775242e-08
6.03264919996493e-09
6.61395321705617e-09
7.47006263129406e-09
9.68520755789584e-09
8.00094487941967e-09
9.10100741080515e-09
7.01140207401987e-09
6.8417371364151e-09
7.30835065662924e-09
7.96402278283614e-09
7.85318674621178e-09
7.94654987237103e-09
4.91441315675044e-09
4.11927198286861e-09
3.84078223804519e-09
3.76065714813285e-09
3.56820473744148e-09
4.13745254958443e-09
4.09099204306739e-09
4.45444263574748e-09
4.82690626459169e-09
4.47017888510159e-09
4.11393434512758e-09
6.05424822603808e-09
5.88579262873243e-09
7.23292716498597e-09
7.52420873121268e-09
5.63929445154456e-09
6.80557613724315e-09
7.09382721121196e-09
6.53975771343826e-09
7.34408887118796e-09
8.52017006285261e-09
6.97425027128031e-09
6.98743730707049e-09
6.64017854528178e-09
7.45819422360111e-09
7.30894975496129e-09
6.67376716923491e-09
1.29863103634183e-08
1.2468138129327e-08
1.18095462447003e-08
9.00089420906713e-09
7.55182465499795e-09
8.59630449280498e-09
1.06869737636616e-08
9.42417741053791e-09
8.06283174116903e-09
9.18778601448674e-09
9.14182561239009e-09
9.61242978281217e-09
4.96973199738877e-09
4.71118777240809e-09
5.37073782942392e-09
5.21239837071362e-09
6.80328703594827e-09
6.50018619128405e-09
5.46169592699067e-09
5.83670358007338e-09
5.21082564786773e-09
4.82690626459169e-09
7.56060441846478e-09
8.02860482932062e-09
8.21369533233163e-09
8.53438065496416e-09
8.86395400246985e-09
7.52481919261352e-09
8.55597875487117e-09
8.15575997820077e-09
8.93136804753547e-09
9.81858190171557e-09
8.50671005175782e-09
8.5116639457739e-09
8.40297419266165e-09
8.80631817861181e-09
9.01173955892174e-09
1.40676999032863e-08
1.51705242749732e-08
1.38337846223043e-08
1.23779138094509e-08
1.02941231652637e-08
9.69015782311276e-09
8.61930043367974e-09
1.10116602946896e-08
1.02236039972002e-08
1.27068378108467e-08
1.09010560773607e-08
1.09756245430601e-08
5.9516677754577e-09
7.18034295057869e-09
6.38641468553395e-09
6.30170263056696e-09
7.92001983005974e-09
6.62332511737994e-09
6.39428328953469e-09
5.59833287375431e-09
9.31390273271292e-09
9.46455339429978e-09
9.89704529947276e-09
1.0738737647643e-08
9.45997703659179e-09
9.70405582536851e-09
1.00310058189777e-08
1.00348246695243e-08
1.1191046096966e-08
9.90959812556936e-09
1.05477301668978e-08
9.71997798547229e-09
9.98703517955184e-09
1.00965734533363e-08
1.57549803055943e-08
1.63694369046641e-08
1.76011741493375e-08
1.65222954646757e-08
1.53381353707132e-08
1.4055989866991e-08
1.46669918564791e-08
1.16872160240692e-08
1.09068011197241e-08
1.08128295992424e-08
1.22186663761271e-08
1.36799746956666e-08
1.52577226817435e-08
1.23041818314889e-08
1.24114497265651e-08
1.32250278331475e-08
7.2132106389937e-09
8.33025537661088e-09
7.88149191822308e-09
7.25380457179814e-09
9.50512148512507e-09
1.05151640237311e-08
7.75651285944192e-09
9.01251988261316e-09
7.23292716498597e-09
1.88618349092045e-08
1.06638736510421e-08
1.0791171427073e-08
1.19145226456177e-08
1.19956048417567e-08
1.14011131319999e-08
1.09322465562947e-08
1.08735632938278e-08
1.13392679550922e-08
1.21521769669913e-08
1.27332303478284e-08
1.29603608254746e-08
1.25376986384564e-08
1.10352179581576e-08
1.20110417924567e-08
1.09879152547177e-08
1.16401898419317e-08
1.13670363704356e-08
1.78806996934685e-08
1.70970209886077e-08
1.60655569220408e-08
1.65739934922122e-08
1.223488725136e-08
1.31330202010115e-08
1.29749125597074e-08
1.4129724685937e-08
1.66651872934306e-08
1.5052896379553e-08
1.46973862091991e-08
8.71389348613483e-09
9.81109455181586e-09
9.02135595501673e-09
9.37777110956662e-09
1.13482694750171e-08
1.14428152046728e-08
1.29670589934328e-08
1.05856371282251e-08
9.97227369510503e-09
9.01251988261316e-09
1.951362410047e-08
2.01664257922183e-08
2.28618927060694e-08
1.25833510415002e-08
1.22615785170722e-08
1.3765728257984e-08
1.40055324281228e-08
1.25220053173666e-08
1.21431113534815e-08
1.31074604198699e-08
1.47764939612149e-08
1.52296937025632e-08
1.45088064414932e-08
1.37117654923685e-08
1.410838723031e-08
1.30074064330298e-08
1.34762150441574e-08
1.26195313300903e-08
1.30473169830364e-08
1.92465749447174e-08
1.94099862887154e-08
1.8488503861452e-08
1.79813829473877e-08
1.39102217950761e-08
1.47181805798095e-08
1.45695096184411e-08
1.59188753718433e-08
1.63891517719536e-08
1.8364069024193e-08
1.58820050828586e-08
1.61566562608499e-08
1.06807379978624e-08
1.04638766636036e-08
1.23979098184064e-08
1.46956905226517e-08
1.30453977759472e-08
1.44328380383229e-08
1.1950703180104e-08
1.1950703180104e-08
1.09319927369262e-08
2.1483487210426e-08
2.35527254414097e-08
2.4244651712791e-08
2.56833023834052e-08
1.44704903641613e-08
1.52528445858345e-08
1.82149113184999e-08
1.59173080686188e-08
1.41117472543824e-08
1.53093488506989e-08
1.67652861673386e-08
1.63904627544813e-08
1.52475253465262e-08
1.55847339147755e-08
1.53514221166002e-08
1.58798785083057e-08
1.46636450875584e-08
1.42139822296113e-08
1.4243678710517e-08
2.18544336445386e-08
2.01150230829096e-08
2.14451723100085e-08
1.97340103150336e-08
2.00955149985536e-08
1.65092067628308e-08
1.72307044713642e-08
1.88155357752056e-08
1.73590139922791e-08
1.96530189269878e-08
1.810120130002e-08
1.78595319064618e-08
1.17426427922268e-08
1.36943857388417e-08
1.6189500453537e-08
1.59762696794024e-08
1.49045660190235e-08
1.32917995387851e-08
1.38098351628569e-08
1.40676999032863e-08
1.29863103634183e-08
2.36312892232819e-08
2.4956119607548e-08
2.86265012542027e-08
2.71411598624662e-08
1.68239908983895e-08
1.69046769044065e-08
2.05614845474876e-08
2.07025408338823e-08
1.86312217419877e-08
1.59970112000843e-08
1.67693660071332e-08
1.84715022862042e-08
1.79214348808678e-08
1.83667712688279e-08
1.68828120442122e-08
1.70094380530166e-08
1.7859873967543e-08
1.63436179814754e-08
1.65952412179836e-08
1.60742464518011e-08
1.80692021574798e-08
1.79989510612629e-08
2.52231080458254e-08
2.32122517101956e-08
2.16166114547734e-08
2.13779332561726e-08
2.16429251349797e-08
1.90424562870164e-08
2.13023323495982e-08
2.0520628895516e-08
1.96681435130712e-08
1.40226108538918e-08
1.56042810256565e-08
1.7682233601456e-08
1.86231402708335e-08
1.76688540752932e-08
1.72390864953021e-08
1.52161729445069e-08
1.58523029339687e-08
1.51705242749732e-08
2.57128596456461e-08
3.01604861334479e-08
2.92776837114944e-08
2.77807805046126e-08
1.84977865481239e-08
1.85665284665101e-08
2.16888874744995e-08
2.26095469434657e-08
2.21807937943466e-08
2.03272066777667e-08
1.74351994691951e-08
2.01803724968851e-08
1.98003368168913e-08
1.84940364010871e-08
1.87709353437808e-08
1.89770469161719e-08
1.94783068256572e-08
1.86027998700091e-08
1.98515098606495e-08
2.01655238344825e-08
2.68770791138169e-08
2.54580675540956e-08
2.41529964571128e-08
2.31217506681021e-08
2.30171853664657e-08
2.18103893831748e-08
2.27382912116149e-08
2.17927007740225e-08
2.35403362747692e-08
1.62017521384529e-08
1.72150978385295e-08
1.88707619257553e-08
1.96686480321281e-08
2.02432804104119e-08
1.93731941898716e-08
1.75340338413883e-08
1.80524820008302e-08
1.64299634060687e-08
2.8266865214454e-08
3.16994739117898e-08
3.09293515996793e-08
3.01604861334479e-08
3.13890264453241e-08
3.29625482440284e-08
2.00967094162144e-08
2.10823444762943e-08
2.2221097728571e-08
2.36768804544587e-08
2.39200881578221e-08
2.50008122342469e-08
2.24752878722283e-08
2.18819699876286e-08
1.99323604408277e-08
2.10994580847041e-08
2.13503852459545e-08
2.42476824565584e-08
2.09518270602331e-08
2.06327129263242e-08
2.13349353287304e-08
2.15605352315272e-08
2.17728456436781e-08
2.18968572227144e-08
2.70714864800991e-08
2.85751910814424e-08
2.55307757085338e-08
2.51932767535864e-08
2.46166739746117e-08
2.46190223285929e-08
2.57400671274681e-08
1.86708573697855e-08
2.0584792109506e-08
2.12713003843397e-08
2.24476217578043e-08
2.12614723947935e-08
1.93446875259265e-08
1.99975100150722e-08
1.77226081619003e-08
3.17625828912833e-08
3.49151281080473e-08
3.31888074802958e-08
3.53135882636915e-08
2.28729496467811e-08
2.31494695690351e-08
2.41671206301523e-08
2.45699497581375e-08
2.59144312804566e-08
2.68104767488096e-08
2.63116027914241e-08
2.35985658232872e-08
2.2550312385418e-08
2.33230724138771e-08
2.68185824345981e-08
2.57353625611127e-08
2.28399042518019e-08
2.31630712800092e-08
2.4038754863164e-08
2.34377496459679e-08
2.43628486686015e-08
2.75314475541524e-08
2.96253013171545e-08
3.04575775533813e-08
2.74000760164205e-08
2.68329125030479e-08
2.75935721315877e-08
2.7794521660096e-08
2.18019508872689e-08
2.23487406864132e-08
2.35692045789496e-08
2.56067301816415e-08
2.34732279535801e-08
2.24120031017651e-08
2.18222476079814e-08
2.04237035886022e-08
3.26681196429863e-08
3.41315262982782e-08
3.82468382187885e-08
3.7488322098827e-08
3.52986812104826e-08
2.49607967295196e-08
2.57426246145307e-08
2.5619945593343e-08
2.6400873646409e-08
2.74263394629444e-08
2.86266560232612e-08
2.79824286313276e-08
2.85290946248479e-08
2.93034115078476e-08
2.57816975096001e-08
2.56237487064456e-08
2.56833023834052e-08
2.89083835632218e-08
2.47179873767179e-08
2.51775393537078e-08
2.70905401284634e-08
2.55295968139037e-08
2.7396368739283e-08
2.66685462341025e-08
2.98369834879547e-08
3.22806740619649e-08
2.89533131975098e-08
3.10860437654877e-08
3.11106991635106e-08
2.97162378386485e-08
3.02050848331745e-08
3.12151235118509e-08
2.76432146350377e-08
2.36269245136424e-08
2.45305078339485e-08
2.66024863948663e-08
2.39952520247575e-08
2.32697177252609e-08
3.426609182358e-08
3.53784637894849e-08
3.54352877340099e-08
3.65459664171353e-08
4.07162593173124e-08
3.89675722885735e-08
3.81722552562412e-08
2.6855842599771e-08
2.82256787395094e-08
3.04085069290986e-08
2.88674876816136e-08
2.94182820791887e-08
3.09092065631771e-08
3.09882518900076e-08
3.08821626159261e-08
2.77001364173373e-08
2.77785144534579e-08
3.01773971081276e-08
2.72403720977177e-08
2.88745447953241e-08
2.93564678570392e-08
2.90785318294933e-08
2.82753971976859e-08
2.86375411704201e-08
3.28159761176005e-08
3.22926902543811e-08
3.28180207350399e-08
3.51204658150142e-08
3.28539067453366e-08
3.33980432927997e-08
2.98776501607826e-08
2.56538696398483e-08
2.55546721369488e-08
2.68029427035703e-08
3.03494764965335e-08
2.91144496950485e-08
2.65781030221269e-08
2.47301660621143e-08
3.65406080742301e-08
3.73302028651375e-08
3.92444484349447e-08
4.32962805066976e-08
4.19612243677179e-08
4.06057226173662e-08
3.2313717965194e-08
2.99020710462926e-08
3.2334222615745e-08
3.14131063333862e-08
3.2117826272121e-08
3.3474445703188e-08
3.45650111799965e-08
3.32724409169576e-08
3.21687371636227e-08
3.02372435596113e-08
3.23627168407635e-08
2.99096892038628e-08
3.07893086023515e-08
3.12043548122513e-08
3.08763067132334e-08
3.08156409594527e-08
3.48413129111928e-08
3.45223011159854e-08
3.71354420963504e-08
3.65107607477322e-08
3.57140452763702e-08
3.56261679155955e-08
3.29474203139127e-08
3.21434960963676e-08
2.79795381280929e-08
2.8878759753952e-08
3.08452051798e-08
2.84072540412743e-08
2.62566834388386e-08
3.85816373463291e-08
3.99015731597325e-08
3.96336345833768e-08
4.17208364937397e-08
4.39250343845248e-08
4.58992277157358e-08
4.36338627077672e-08
3.43653972167264e-08
3.49576668888493e-08
3.30152829302653e-08
3.49341541027856e-08
3.49581796739267e-08
3.4316844477846e-08
3.70009077499878e-08
3.65161293366122e-08
3.51346982543454e-08
3.61412790520667e-08
3.42496095039496e-08
3.44279734714241e-08
3.26616265872385e-08
3.2294911451199e-08
3.30162456218187e-08
3.32439610383637e-08
3.66055918373885e-08
3.735685282264e-08
4.01515355558146e-08
3.86464743522163e-08
3.91212333448381e-08
3.78557717975154e-08
3.46917362986115e-08
3.68051476111482e-08
3.38000106257268e-08
2.97512372321558e-08
3.07463945454318e-08
3.01861661333245e-08
2.93807648917967e-08
4.1499731278853e-08
4.2728177231885e-08
4.35284565249577e-08
4.42811797170713e-08
4.48750080444971e-08
4.57771067373748e-08
4.86063503909876e-08
4.70920806833246e-08
5.13417375544456e-08
4.6569745048757e-08
3.77285694432544e-08
3.61665127813499e-08
3.66084080973053e-08
3.89132710043083e-08
3.88243466840938e-08
3.87551805389614e-08
3.98323694192582e-08
3.81585556400494e-08
4.02682195193284e-08
3.7484177791505e-08
3.66035547829872e-08
3.93112142788401e-08
3.67743320498517e-08
3.57480643385638e-08
3.68103451342844e-08
3.49078243739589e-08
3.5736481581283e-08
3.6934123428044e-08
3.96429601001331e-08
4.07306410376365e-08
4.0210423619357e-08
3.99709202892067e-08
4.14756195649043e-08
4.22868168667232e-08
4.497660806695e-08
4.11770374374974e-08
4.15297709687094e-08
3.68198254781087e-08
3.91121468761697e-08
3.44002443565602e-08
3.64029074550387e-08
3.25268108589312e-08
3.14312304388632e-08
3.09929444383496e-08
4.45263561869234e-08
4.53553485461885e-08
4.61611772367e-08
4.71033800042482e-08
4.99650701759598e-08
4.92862426653311e-08
5.27580136446689e-08
5.41779484359251e-08
4.93466104810621e-08
4.09901782173558e-08
3.98429167227293e-08
4.07860271878474e-08
4.10897827847187e-08
4.09371549547876e-08
4.22185003336906e-08
4.29006224840271e-08
4.24016325614754e-08
4.01064119933675e-08
3.90018601744195e-08
4.1498891325733e-08
3.82500278254679e-08
3.82553024429472e-08
3.70977421817951e-08
3.90617503492323e-08
4.07760171004385e-08
4.05585260380132e-08
4.23516413275055e-08
4.27344953772911e-08
4.30291508889044e-08
4.46329267801365e-08
4.74362056682131e-08
4.68784415216051e-08
4.33967767460657e-08
4.47874776769289e-08
4.49313867471191e-08
4.40240371164974e-08
4.26582505484667e-08
4.05597482359519e-08
3.82667291845105e-08
3.56123706408025e-08
3.7728201584732e-08
3.43321523563404e-08
3.26382633306707e-08
4.75710829733387e-08
4.9769377347492e-08
5.1395645035416e-08
4.96174420735357e-08
4.96853676406806e-08
5.27686060252403e-08
5.55812831516719e-08
5.70440712947928e-08
6.00123681321507e-08
5.40747775258421e-08
5.39653086399135e-08
4.30858561868492e-08
4.26366289013376e-08
4.32261798866182e-08
4.42675860304472e-08
4.50827384940256e-08
4.51316008467757e-08
4.50368644605219e-08
4.35491077499288e-08
4.26281150059661e-08
4.20537385157235e-08
4.08253994314527e-08
4.32654301249306e-08
4.41482364739984e-08
4.49996738140094e-08
4.51608221587152e-08
4.57413560142827e-08
4.78573067049696e-08
4.62701392520563e-08
4.99480039516256e-08
4.92503831135843e-08
4.68649069791412e-08
4.85442398135064e-08
4.67117698927782e-08
4.51365029819736e-08
4.380668550358e-08
4.0560202606014e-08
3.70614268107821e-08
3.95651544029532e-08
3.60319396868094e-08
5.09540705529886e-08
5.26073611142536e-08
5.25475265477145e-08
5.19332854527129e-08
6.30077911440772e-08
5.76753198573401e-08
6.15024123396808e-08
5.7782239243309e-08
5.64192535434731e-08
5.55654648326753e-08
4.54519269907536e-08
4.48545035718899e-08
4.58404404221991e-08
4.75504743716262e-08
4.7893150421532e-08
4.82347925824565e-08
4.7843972054388e-08
4.74812104438471e-08
4.52709934072266e-08
4.43650250519868e-08
4.62728724754855e-08
4.66259828494518e-08
4.73708954036854e-08
4.89550585213691e-08
4.86205199036048e-08
5.05911877722809e-08
5.07135649759106e-08
5.37526485177432e-08
5.17774755270885e-08
4.98764564311484e-08
5.01140839416287e-08
5.17819058229179e-08
5.06432114254997e-08
4.91755802419894e-08
4.76891753098502e-08
4.61173088193079e-08
4.40942742354263e-08
4.21888646640518e-08
3.95855385613981e-08
5.40946612206277e-08
5.55636419513811e-08
5.6589223354634e-08
5.59223457330581e-08
5.63283871551514e-08
6.41970910489506e-08
6.61113208093607e-08
6.22740514735988e-08
5.93349892386897e-08
5.82099725824035e-08
5.80017964849154e-08
4.85397383454905e-08
4.76439167652131e-08
5.06566548899182e-08
5.00903180137825e-08
5.05597276725075e-08
5.0904496407815e-08
4.9760726358313e-08
5.15561987253434e-08
4.91919432978723e-08
4.8624849941978e-08
4.88244208278269e-08
4.92876570248465e-08
5.1190034105375e-08
5.17965182210686e-08
5.2743772834387e-08
5.40310651112644e-08
5.33145265025064e-08
5.45727726184586e-08
5.50376488573898e-08
5.56633377009773e-08
5.30209426724145e-08
5.32732551911227e-08
5.18170522064534e-08
5.01996425815629e-08
4.88618201066352e-08
4.71717316920233e-08
4.48652665102947e-08
4.32681314042046e-08
5.85030563099323e-08
6.92348931298001e-08
5.81404222016468e-08
5.95135568676047e-08
5.98492542063248e-08
6.05867482047471e-08
6.66659960816527e-08
6.28194733826822e-08
6.54660645035085e-08
6.22783431481212e-08
5.12417747671544e-08
5.35466842292518e-08
5.28964187665647e-08
5.39269386948144e-08
5.29813759158613e-08
5.47498896153921e-08
5.14358789755836e-08
5.13660010613107e-08
5.19070093065959e-08
5.39243099019824e-08
5.44529830699693e-08
5.4402646789622e-08
5.62059535188806e-08
5.63309982161906e-08
5.72925465389474e-08
5.66604797064392e-08
6.03886051294692e-08
5.62455136484907e-08
5.77727073673628e-08
5.82123436014421e-08
5.57338444912449e-08
5.56954804194041e-08
5.51360430414211e-08
5.29017583084857e-08
5.11774363049794e-08
4.96388358559959e-08
4.70765520045221e-08
7.24769626662604e-08
6.18799813113915e-08
6.34517351180643e-08
7.08536987396632e-08
6.22985983086952e-08
6.32441858751031e-08
6.35778156949322e-08
6.89170790237989e-08
6.50306080091661e-08
6.75769922998803e-08
6.57998871738238e-08
5.48019514653905e-08
5.66005276990011e-08
5.60779088807961e-08
5.57012800123931e-08
5.73910109824009e-08
5.76089962439624e-08
5.59091752635112e-08
5.85370583063564e-08
5.64080691407747e-08
5.64243914653488e-08
5.81781756532541e-08
5.94109016574544e-08
6.37463501938417e-08
6.06836232413921e-08
6.3344621818239e-08
6.00787808385655e-08
6.02478864253428e-08
5.9406612218639e-08
5.79334188887247e-08
5.74882580551608e-08
5.53764803124774e-08
5.40821655409618e-08
5.23901593204919e-08
5.10078007692821e-08
7.36903058658379e-08
7.57370141446628e-08
6.60568705795738e-08
6.54101407957646e-08
6.63935989297962e-08
7.40960718864523e-08
6.66508904567492e-08
6.79135491755182e-08
7.13580424145166e-08
6.80498796717212e-08
6.85699213631189e-08
5.7777707504925e-08
5.95413015324486e-08
5.90340581617088e-08
5.87646385295038e-08
5.97086870846361e-08
6.04111916225325e-08
6.23131210226e-08
6.26526991739907e-08
6.16316492665231e-08
6.01484607690692e-08
5.98553302121815e-08
6.09577443650428e-08
6.14471290926422e-08
6.32365588104997e-08
6.3213477478324e-08
6.65784644637616e-08
6.57419029231477e-08
6.34809798001133e-08
6.29593789767686e-08
6.48078687082502e-08
6.01141366184359e-08
6.14497480960276e-08
6.45338249697381e-08
5.90704796975091e-08
5.69875907120329e-08
5.59428343312583e-08
5.51123381271274e-08
7.6148826793595e-08
7.91119241698768e-08
7.69906386887829e-08
6.85158872412246e-08
6.94463013903908e-08
7.04866846432853e-08
7.49462232999314e-08
7.04090095626673e-08
7.06849815329412e-08
7.25400446095392e-08
7.30426473550996e-08
6.23324717021775e-08
6.15263659692397e-08
6.11232734986565e-08
6.3415621613559e-08
6.23466625811455e-08
6.50764023534788e-08
6.52155860004928e-08
6.71149918600298e-08
6.31067110944539e-08
6.33873213685796e-08
6.48292911521478e-08
6.59219799729241e-08
6.58070205003244e-08
6.77757615474397e-08
6.65633246288825e-08
6.94263170133617e-08
6.86482113209972e-08
6.67561455031954e-08
6.74001480759259e-08
6.65897509278657e-08
7.32466945093497e-08
7.37467027369079e-08
6.75017408278376e-08
6.25080545374169e-08
6.4765120592089e-08
6.13291926358586e-08
5.91738960466845e-08
5.93423034989534e-08
8.25152084524615e-08
7.92350748156912e-08
8.12946175637417e-08
7.85608693221401e-08
8.00396322931076e-08
7.1766590206899e-08
7.33903879379109e-08
7.32217154138695e-08
7.33498608753515e-08
7.77217617896612e-08
7.3697992942184e-08
7.58274125697886e-08
8.02965037167381e-08
6.80002949985529e-08
6.59816467845956e-08
6.53349070718196e-08
6.68924324111206e-08
6.84447905430126e-08
6.99291997508588e-08
7.05037230243815e-08
6.66484602310029e-08
6.88709590466136e-08
6.91706006055002e-08
7.11385232991212e-08
6.95062698253524e-08
6.96436325477993e-08
7.12388295944027e-08
7.01067968853202e-08
6.91363938262167e-08
6.95969604960011e-08
7.44068706677003e-08
7.69681364415514e-08
7.72358817940855e-08
7.02968913765659e-08
6.82634939091275e-08
6.39726780182927e-08
6.27262339005686e-08
6.14962055495286e-08
8.60193421128195e-08
8.46840800931274e-08
8.26872407812187e-08
8.26020178801672e-08
8.31374959676638e-08
7.51001076725865e-08
7.67572790992096e-08
7.7575600776375e-08
7.71980466775045e-08
8.0423344165356e-08
7.74603525338375e-08
8.32809401170644e-08
7.30901477623487e-08
7.08255771295053e-08
6.9645266355114e-08
6.93142757013978e-08
7.20900533603225e-08
7.37815084503613e-08
7.18740956082923e-08
7.28749574455236e-08
7.33295985513304e-08
7.3072758859595e-08
7.34225936173851e-08
7.24571376707879e-08
7.45174271922971e-08
7.30596751613321e-08
7.52834713636086e-08
7.75546400362681e-08
8.00487780104845e-08
8.04243179423519e-08
8.11881990523689e-08
7.36676057250032e-08
7.21907544889913e-08
7.07866852947386e-08
6.80207216439787e-08
6.6285433279057e-08
6.3692607373802e-08
8.95696018559748e-08
8.9261114612141e-08
8.69141475808723e-08
8.55983874360214e-08
8.62409200563668e-08
8.87508174897343e-08
7.92683239641843e-08
8.29153954300543e-08
7.9769551018603e-08
8.27218331822187e-08
8.12486295602781e-08
8.57705738940337e-08
7.61671020471734e-08
7.54508737169208e-08
7.29089487818302e-08
7.31403220240868e-08
7.59230045331591e-08
7.64346864212656e-08
7.63772515009814e-08
7.61588127533339e-08
8.01237620230377e-08
7.72557664912727e-08
7.60346679458964e-08
7.59248487829575e-08
7.82095653760741e-08
7.54759348732333e-08
7.77312458374301e-08
7.80355267582573e-08
7.87430130737948e-08
8.14769440329349e-08
8.32169636722292e-08
8.46848742333505e-08
8.50313502448854e-08
8.51361860203267e-08
7.93784553740771e-08
7.79847480142998e-08
7.53828335933761e-08
7.44412368310508e-08
7.16207068831136e-08
6.9526577699568e-08
6.81923442773617e-08
9.32028946598465e-08
9.41011993550795e-08
9.21345889013875e-08
8.87419488202121e-08
9.01013278298067e-08
9.19232074147364e-08
8.61852716685041e-08
8.45072614952115e-08
8.5512169029064e-08
8.82650533382855e-08
8.95011635571719e-08
7.89847167100052e-08
7.81649218683618e-08
7.91627101815918e-08
7.94921663132675e-08
8.0866188226071e-08
8.29678430796291e-08
8.08153095957724e-08
8.01969120691388e-08
7.88997738104536e-08
8.12428354583127e-08
7.92537210322738e-08
8.13423224348557e-08
8.12389408198903e-08
8.45704610998622e-08
8.66755956052234e-08
8.82496312749696e-08
8.93402574700496e-08
8.77942510357353e-08
8.95601198251105e-08
8.20911227146014e-08
8.13501770510516e-08
8.06273890110751e-08
7.71420746925274e-08
7.98753451966508e-08
7.49832435756172e-08
7.28474345659074e-08
9.69040796764419e-08
9.70745701609647e-08
9.49773947194475e-08
9.34023716294502e-08
9.30883152389507e-08
9.55488856074545e-08
9.05564189519374e-08
8.97621022453397e-08
9.24097359171484e-08
9.50838329095185e-08
8.22581357319473e-08
8.31308455702353e-08
8.22122100983582e-08
8.38967541590709e-08
8.58935064079032e-08
8.36586211019532e-08
8.33852789305579e-08
8.4011894612008e-08
8.42159760918509e-08
8.32079481469258e-08
8.46381985803199e-08
8.78343333272465e-08
9.16098973536311e-08
9.1094706969039e-08
9.02255934787741e-08
9.30454918425965e-08
9.09866237515367e-08
9.61430570418671e-08
9.18772778307723e-08
9.29687946906706e-08
8.5373398129466e-08
8.39099904832324e-08
8.37647453039054e-08
8.28733448673635e-08
7.9383476199749e-08
7.71625307364365e-08
1.0066683976537e-07
1.0148130230185e-07
9.80571190797545e-08
1.04523124094293e-07
9.96891213032939e-08
9.83474221499146e-08
9.89327766591901e-08
9.81907635946846e-08
9.39487478307474e-08
9.66076637222645e-08
1.0049446326931e-07
8.68788377891092e-08
8.58846425599233e-08
8.55829213104719e-08
8.7034989099947e-08
8.88788958029457e-08
8.64222761604817e-08
8.84967215454071e-08
8.76542872434948e-08
8.72377379532143e-08
8.72510912495288e-08
8.88776519769168e-08
9.27700792203587e-08
9.05196663548285e-08
9.4214175586648e-08
9.32357251931881e-08
9.27600615537871e-08
9.69631381399785e-08
9.42290665554668e-08
9.92258984891742e-08
9.58604944164362e-08
9.61342133511347e-08
8.70926755183542e-08
8.91895742539211e-08
8.67086492461173e-08
8.60367041270951e-08
8.9012092222773e-08
8.59090410439729e-08
8.28422521735455e-08
8.16126770922552e-08
1.04643029300141e-07
1.04037732575412e-07
1.08416057402872e-07
1.04818984314157e-07
1.02285086210233e-07
1.03200084217212e-07
1.03925856080571e-07
1.0041920001383e-07
9.81591040951087e-08
1.03732740171828e-07
9.03485026857605e-08
9.06269243915174e-08
9.11237138653428e-08
8.89628126823011e-08
9.19844955073668e-08
9.14506245548054e-08
8.99248795684619e-08
9.28002771684644e-08
9.1241756015169e-08
9.6921949794577e-08
9.22046364718671e-08
9.58622998371419e-08
9.42385752741019e-08
9.72057152532647e-08
9.83772455833921e-08
1.00338927235014e-07
9.93375551134843e-08
1.02334338294609e-07
1.0080967939394e-07
1.02253104516501e-07
9.1033311037789e-08
9.42058577534333e-08
9.21388170928493e-08
9.22147214660145e-08
9.02688658385694e-08
8.85074698925565e-08
8.61824850914332e-08
1.09785858267662e-07
1.07279202224892e-07
1.12431858256644e-07
1.09077207722258e-07
1.06335866112844e-07
1.07540143365303e-07
1.06885053796767e-07
1.02864020720264e-07
1.06872472634962e-07
9.42026599529453e-08
9.42152932310899e-08
9.49471762944257e-08
9.28230023084239e-08
9.84539717720785e-08
9.47718214586191e-08
9.49620933545709e-08
9.6769541208257e-08
9.55911226418504e-08
9.93081227124338e-08
9.99086949926522e-08
9.76124619879826e-08
9.84138966716003e-08
1.01164363804929e-07
1.0168753339899e-07
1.03817221374668e-07
1.04296032468716e-07
1.0506363157147e-07
1.05015754557786e-07
1.05484797601194e-07
9.74203773860371e-08
9.55428514022419e-08
9.50750927235477e-08
9.43107198598818e-08
9.25459087927377e-08
9.54716980995365e-08
9.08413617128371e-08
1.15466917656528e-07
1.11960059255539e-07
1.13146931328187e-07
1.16473028160795e-07
1.11912736082172e-07
1.12243904451791e-07
1.10018137787688e-07
1.10821188198442e-07
1.08665991747869e-07
9.71582962492525e-08
9.75675542107964e-08
9.87960862615269e-08
1.00205909691411e-07
1.00978827410186e-07
1.008356102311e-07
9.9593576976611e-08
9.90001921192036e-08
1.00019815125578e-07
1.02300186623658e-07
1.02378487861426e-07
1.03990604473587e-07
1.02753093608165e-07
1.05547747754513e-07
1.04508128400869e-07
1.0700476609251e-07
1.07619152880834e-07
1.084625659622e-07
1.10326736809539e-07
1.10450954675304e-07
1.00134048238589e-07
9.85698704968474e-08
9.77492580150411e-08
9.94087075432014e-08
9.81038522151754e-08
9.56710595729287e-08
1.18660345742811e-07
1.16298669256732e-07
1.17161001325179e-07
1.20636094968578e-07
1.18674739382865e-07
1.15860131747465e-07
1.15015195554826e-07
1.14578876138051e-07
1.14233671280586e-07
1.02244529233897e-07
1.0588614233928e-07
1.03811391923175e-07
1.04317304782646e-07
1.03411190931061e-07
1.04572847136402e-07
1.04664211728996e-07
1.03107499797312e-07
1.04973523442128e-07
1.06164795392192e-07
1.10112435564575e-07
1.08351886153148e-07
1.0742483108678e-07
1.0768330168132e-07
1.10901952868715e-07
1.08441422774759e-07
1.09701671289008e-07
1.15914271077867e-07
1.11211894203083e-07
1.123010324288e-07
1.13787913671146e-07
1.02658560820564e-07
1.01399378676671e-07
1.02418975446911e-07
1.01332497997381e-07
1.00583187907443e-07
1.21401737068222e-07
1.22292813324958e-07
1.22003575610263e-07
1.24843184747149e-07
1.24001160015084e-07
1.19489880053224e-07
1.19876677041232e-07
1.17742033023468e-07
1.18338684745304e-07
1.07071911969984e-07
1.10307388309807e-07
1.07790428165467e-07
1.06171958980919e-07
1.07762067814042e-07
1.0653439911044e-07
1.08116510724987e-07
1.08232839240695e-07
1.08529751164342e-07
1.11896565672142e-07
1.10675240286579e-07
1.13289571677392e-07
1.13978858610165e-07
1.11575081782671e-07
1.14857522693386e-07
1.12460131278417e-07
1.1446496895979e-07
1.1571651846165e-07
1.19403695572772e-07
1.15540228079862e-07
1.17241070453932e-07
1.05260108491606e-07
1.08024655737125e-07
1.09739834351155e-07
1.04916087115914e-07
1.0565059875749e-07
1.06912878681022e-07
1.05641841611211e-07
1.27506343709886e-07
1.2914239060709e-07
1.25593426987181e-07
1.263622376731e-07
1.27098362989175e-07
1.29179201484544e-07
1.26060656690899e-07
1.23707831314365e-07
1.21716215451265e-07
1.21606538192063e-07
1.23629270286891e-07
1.1271810271327e-07
1.11266987338748e-07
1.16552816503952e-07
1.11432482077001e-07
1.11624513860661e-07
1.13754726863078e-07
1.12734187909089e-07
1.15005570283153e-07
1.14648926364721e-07
1.16878080509227e-07
1.18919833700238e-07
1.17123767205973e-07
1.16456037345685e-07
1.18027501529186e-07
1.18390817456688e-07
1.19602893719505e-07
1.21216268539395e-07
1.21096575765247e-07
1.09259807719087e-07
1.12210955943051e-07
1.08334912558917e-07
1.11745348079924e-07
1.09505870672838e-07
1.08193193638477e-07
1.29816471669186e-07
1.30710831879556e-07
1.33520494242707e-07
1.2916445924725e-07
1.29145283086889e-07
1.32799811354832e-07
1.2687580888084e-07
1.27155202875944e-07
1.27294449254683e-07
1.25365460793367e-07
1.20503487581755e-07
1.14370531924368e-07
1.14016693172699e-07
1.18932109666323e-07
1.14625167577181e-07
1.16550965884202e-07
1.16031219516046e-07
1.1703139520569e-07
1.22839483703339e-07
1.17556460455559e-07
1.18611342147938e-07
1.2249451214885e-07
1.23104367860669e-07
1.22588720162417e-07
1.20028999685268e-07
1.1996690610134e-07
1.22367102709067e-07
1.20877116223588e-07
1.22705901784214e-07
1.21569829669819e-07
1.23532421498047e-07
1.23574671937296e-07
1.25266427253357e-07
1.14623926600752e-07
1.1969645108182e-07
1.15376686572845e-07
1.12802989191547e-07
1.10821234530595e-07
1.32223217121722e-07
1.33878784228149e-07
1.3288209748143e-07
1.34965813048761e-07
1.35720579805014e-07
1.37958105005283e-07
1.31969527622798e-07
1.36897949625781e-07
1.42512642978738e-07
1.31553094834694e-07
1.31350892886005e-07
1.29057363978532e-07
1.28891496082319e-07
1.24978129058403e-07
1.18849694514881e-07
1.23117849067468e-07
1.18965535232521e-07
1.19877481736411e-07
1.22181878183609e-07
1.21007221873442e-07
1.28436127050403e-07
1.22800175749374e-07
1.26182067532514e-07
1.27228784051822e-07
1.29109487103165e-07
1.23938574666974e-07
1.27213210392635e-07
1.26045111894992e-07
1.27295307887923e-07
1.25876261222812e-07
1.26820262152026e-07
1.28570943659068e-07
1.3076087053376e-07
1.30224066603643e-07
1.33340496445928e-07
1.2555021836866e-07
1.23280810543712e-07
1.19550495215812e-07
1.18817675202562e-07
1.16109892099472e-07
1.37130170578431e-07
1.36490709828447e-07
1.38009091830414e-07
1.37174567947989e-07
1.41402285641348e-07
1.40630711049658e-07
1.39479814959141e-07
1.44278735028377e-07
1.47098745064944e-07
1.35250355498046e-07
1.35093244954122e-07
1.36301806275636e-07
1.30133132292664e-07
1.34091078070982e-07
1.3364340162202e-07
1.276625931116e-07
1.24562119486945e-07
1.22347263204954e-07
1.25685100542542e-07
1.32266447263541e-07
1.28835485090302e-07
1.31038392302229e-07
1.32975309931928e-07
1.31100467904349e-07
1.2770823813596e-07
1.30240298899001e-07
1.31674743101529e-07
1.34568976765688e-07
1.32393860219653e-07
1.34179102740308e-07
1.35281974927952e-07
1.3860750737677e-07
1.29591251855635e-07
1.27621356763351e-07
1.2446965678657e-07
1.21564015344176e-07
1.39210013687578e-07
1.42193476959556e-07
1.4104373241214e-07
1.43023121929728e-07
1.43900245009944e-07
1.45337368694387e-07
1.4496665321174e-07
1.4828999775509e-07
1.51828218627356e-07
1.40100167149642e-07
1.39244806239408e-07
1.40751239990918e-07
1.36647428715214e-07
1.36229000496189e-07
1.37593080793243e-07
1.37708728841536e-07
1.37353062206327e-07
1.35947501524805e-07
1.31426246257336e-07
1.27958892527949e-07
1.30148215681656e-07
1.36296843075317e-07
1.34557028757088e-07
1.33153096334736e-07
1.33218218681196e-07
1.34597288554897e-07
1.34209828158745e-07
1.4002061252324e-07
1.34638267290051e-07
1.37058579305297e-07
1.36866559913973e-07
1.3797351307048e-07
1.3747606442098e-07
1.40399943043579e-07
1.44756933578964e-07
1.43559836495168e-07
1.31131522946873e-07
1.34971293135098e-07
1.30251496035338e-07
1.27102717417128e-07
1.44973021942834e-07
1.4462476460813e-07
1.47610464906874e-07
1.56598731937022e-07
1.48298063847098e-07
1.48437367024418e-07
1.50056755936996e-07
1.50861408368488e-07
1.53768130159836e-07
1.59009754195354e-07
1.46531560718383e-07
1.46845058211882e-07
1.49742182429797e-07
1.40226837379718e-07
1.40516687109851e-07
1.420792095087e-07
1.39962290384844e-07
1.39381128943213e-07
1.41681346043867e-07
1.34086453900603e-07
1.38282621251996e-07
1.36683918210388e-07
1.38025596012869e-07
1.3819980349681e-07
1.43986855881375e-07
1.40123025470802e-07
1.40969255013681e-07
1.41685169132219e-07
1.41335646940664e-07
1.44688766068805e-07
1.45382686044922e-07
1.50341976477237e-07
1.4930092134247e-07
1.39064459993209e-07
1.33909384215232e-07
1.37775488373142e-07
1.3282926266973e-07
1.50186715243126e-07
1.52611671062375e-07
1.54924487520595e-07
1.61476788797692e-07
1.66438058584958e-07
1.53589811429904e-07
1.54648436798989e-07
1.54807152171333e-07
1.58266579886783e-07
1.62352646779826e-07
1.71468989388049e-07
1.52238473790817e-07
1.55233096893978e-07
1.56005546393679e-07
1.44144583727452e-07
1.47111217360366e-07
1.44591048077017e-07
1.44388746031276e-07
1.46621331777945e-07
1.44124607498235e-07
1.42301722316793e-07
1.46377125771193e-07
1.40410502658431e-07
1.40472359829467e-07
1.42970224882484e-07
1.44579012322575e-07
1.48078981623319e-07
1.44398553599667e-07
1.45670171593884e-07
1.44366499550173e-07
1.47970624441859e-07
1.48743641572254e-07
1.54284991010279e-07
1.55435101630771e-07
1.53169791775565e-07
1.4261202930941e-07
1.41797531240005e-07
1.38654202241977e-07
1.55125511937696e-07
1.57718004867231e-07
1.62282951084044e-07
1.59643043007197e-07
1.58984587189627e-07
1.70404024085717e-07
1.66438058584958e-07
1.60174511887608e-07
1.62131718629113e-07
1.65621041655824e-07
1.76627812525059e-07
1.73720001640848e-07
1.58951486215433e-07
1.58931902712199e-07
1.59963750161244e-07
1.62263031341581e-07
1.4799419922922e-07
1.50059746120768e-07
1.51355466204313e-07
1.49041505723098e-07
1.48838182175971e-07
1.50508708962056e-07
1.44957273048464e-07
1.50556006480416e-07
1.46978604108756e-07
1.46768211067885e-07
1.49074231501705e-07
1.5091148554682e-07
1.49223653932282e-07
1.51196835950613e-07
1.50348931907867e-07
1.53623750473144e-07
1.58134213417983e-07
1.59102228127928e-07
1.62581290753883e-07
1.57287113391858e-07
1.46535058028219e-07
1.49907848625312e-07
1.44636629441249e-07
1.66544878670135e-07
1.61782833615676e-07
1.65533378147602e-07
1.65351487188826e-07
1.63625714832641e-07
1.666961835239e-07
1.69349437207597e-07
1.81826229293527e-07
1.69749528833026e-07
1.66399242015952e-07
1.74933494297965e-07
1.79222014674102e-07
1.67772183853253e-07
1.6561793852144e-07
1.66901502275791e-07
1.52648275312418e-07
1.55834924525484e-07
1.53716719010947e-07
1.56109155188915e-07
1.55388444311715e-07
1.5462830255814e-07
1.52854370455033e-07
1.54572113672323e-07
1.5064946889806e-07
1.54687830080448e-07
1.51384420323848e-07
1.51057433488222e-07
1.53506312448948e-07
1.5418158978228e-07
1.55136296559482e-07
1.55912083334602e-07
1.59683151485629e-07
1.62333578710656e-07
1.65327174822373e-07
1.64583020727962e-07
1.53875740973818e-07
1.50758202778276e-07
1.69608544763017e-07
1.68166140418221e-07
1.69624214387101e-07
1.71363984998445e-07
1.73937090414285e-07
1.84346147691029e-07
1.87180297136693e-07
1.73081968560049e-07
1.79412124550273e-07
1.83137190580546e-07
1.70656873468204e-07
1.70504276163601e-07
1.73071719479737e-07
1.71398769082414e-07
1.59742017230229e-07
1.57612396676296e-07
1.59268180852706e-07
1.60310552204106e-07
1.59130033823843e-07
1.60518363985413e-07
1.58860408368756e-07
1.60279393237329e-07
1.58617200865646e-07
1.58196468057328e-07
1.59085465604566e-07
1.56369863066772e-07
1.57987357362966e-07
1.62039962575404e-07
1.58533466098798e-07
1.62388566358449e-07
1.64329354856493e-07
1.69003031570962e-07
1.68254449799191e-07
1.74296065895519e-07
1.5706038327909e-07
1.6048634663131e-07
1.57007913593175e-07
1.925864396976e-07
1.73722442808263e-07
1.74130083782037e-07
1.75491134142787e-07
1.79106392607597e-07
1.77433492920344e-07
1.89000459288982e-07
1.79851413039633e-07
1.84960844075959e-07
1.7775858699567e-07
1.76116088113172e-07
1.79099060602484e-07
1.77478279519754e-07
1.65921074328494e-07
1.65921165566804e-07
1.63886865884392e-07
1.62404837041494e-07
1.64008503764367e-07
1.65142888485547e-07
1.6344667751416e-07
1.64509426116217e-07
1.62575127683766e-07
1.6286877622003e-07
1.6225067222212e-07
1.67484343263713e-07
1.62828267241808e-07
1.63919337803251e-07
1.66676526973968e-07
1.69384754132682e-07
1.68681471836552e-07
1.72759093655654e-07
1.76572908025451e-07
1.78823299651881e-07
1.65429935146549e-07
1.63437878990565e-07
1.95315334369129e-07
1.98109151421296e-07
1.78723272413819e-07
1.82116764030073e-07
1.82828773343929e-07
1.91529017634275e-07
1.95836499331317e-07
1.86254836844515e-07
1.90735099636806e-07
1.87269625768471e-07
1.82671076044036e-07
1.82083871582152e-07
1.83166364103642e-07
1.83063413556294e-07
2.03731122670144e-07
1.70363893521357e-07
1.69686633243457e-07
1.67497020302717e-07
1.70568983970167e-07
1.69487138864969e-07
1.68614339786079e-07
1.7139056113141e-07
1.69107946462324e-07
1.65801062861646e-07
1.68861914621526e-07
1.7356693804746e-07
1.73423381663831e-07
1.68880913445599e-07
1.71289646252578e-07
1.68401960430127e-07
1.73753272430463e-07
1.75325613849688e-07
1.79588461566625e-07
1.82613337176315e-07
1.83185450464164e-07
1.88870656954207e-07
1.70283785951545e-07
1.6996731928545e-07
2.02212071882344e-07
1.86692213842266e-07
1.87385675167625e-07
1.95524774395161e-07
2.00345091501331e-07
1.92583510931911e-07
1.9081970788898e-07
1.87321256240352e-07
1.87074137728115e-07
1.88213289656032e-07
1.92903069896104e-07
2.06201475822408e-07
2.09429486543246e-07
1.75934888174635e-07
1.74097522880564e-07
1.75405090607883e-07
1.71609793333082e-07
1.73992132546813e-07
1.76701332346022e-07
1.7434970216727e-07
1.74743808469554e-07
1.79539476247573e-07
1.71950260664769e-07
1.73451674154432e-07
1.78244410661877e-07
1.81277578035609e-07
1.75306546152304e-07
1.78678397360957e-07
1.75928752385721e-07
1.79180390930077e-07
1.80892809775689e-07
1.80058197302074e-07
1.83396122281428e-07
1.84736128984226e-07
1.8772469252655e-07
1.94414907722625e-07
1.76718959704996e-07
2.09013517777903e-07
2.05648333964198e-07
1.91798617795441e-07
1.92133507903871e-07
1.9764928142899e-07
1.97797157188728e-07
2.04536410403082e-07
1.95145453615704e-07
1.93472600476223e-07
1.91004022222062e-07
1.92058279315677e-07
1.98206652456252e-07
2.13594945432995e-07
2.15276037096236e-07
2.14140736141788e-07
1.80270668687524e-07
1.85468225715188e-07
1.8206469690561e-07
1.86423223923169e-07
1.78368407661292e-07
1.83050555797195e-07
1.8064832185357e-07
1.81131097277019e-07
1.86071321209314e-07
1.77340319577124e-07
1.7798601175438e-07
1.81789373751794e-07
1.85853521565443e-07
1.81179421230371e-07
1.80121726005245e-07
1.82033069229097e-07
1.8456019294438e-07
1.88235103594098e-07
1.87269173135521e-07
1.90010343451012e-07
1.93267625543397e-07
1.98657349022445e-07
1.99771808810759e-07
1.83573003850447e-07
2.12868236070872e-07
2.096084184211e-07
1.95997457368138e-07
1.97039299125768e-07
2.01981672160482e-07
2.05339787860896e-07
2.02896688982428e-07
1.99279591674849e-07
2.03596849181972e-07
1.97826709982726e-07
1.98888949463114e-07
2.03823548139237e-07
2.21172861711135e-07
2.2723864762044e-07
2.19418019978065e-07
2.18566479700046e-07
1.9003863714419e-07
1.88352332698723e-07
1.9180785168019e-07
1.88322633488956e-07
1.88332147135014e-07
1.83972100863235e-07
1.86105637572176e-07
1.86773744801208e-07
1.90417707753696e-07
1.91339364938209e-07
1.84964562061069e-07
1.88265908960676e-07
1.93936946443548e-07
1.8903117984841e-07
1.85422022370001e-07
1.90089398200982e-07
1.94533867790336e-07
1.93382814762146e-07
1.94211260538021e-07
1.98074564135007e-07
2.02117118938576e-07
2.03696058896965e-07
2.08460300904849e-07
1.90630076561437e-07
2.33373402316909e-07
2.15093608721544e-07
2.23029996047465e-07
2.12414164133667e-07
2.03028719931943e-07
2.09142646932697e-07
2.03648143469279e-07
2.07481458153773e-07
2.08865438468303e-07
2.03839897557408e-07
2.07527101762971e-07
2.2703370509704e-07
2.25145811714942e-07
2.33373402316909e-07
1.93463607190637e-07
1.97515873833507e-07
1.91641488330121e-07
1.96332409596569e-07
1.968465139617e-07
1.89790453875213e-07
1.97092336363913e-07
1.961863071035e-07
1.96464824122485e-07
1.92634576093829e-07
1.98117854184309e-07
1.97448242935048e-07
1.94186248384007e-07
1.94186248384007e-07
2.14616550288482e-07
1.97582863178021e-07
1.97892873200272e-07
1.99792835917433e-07
2.04430438727277e-07
2.07124336696346e-07
2.09010634141072e-07
2.1224971518548e-07
1.97827915856579e-07
2.38152368121783e-07
2.39638317014571e-07
2.46021673190384e-07
2.28659911943339e-07
2.20387212294218e-07
2.25187002019155e-07
2.15279509224704e-07
2.21078127209786e-07
2.11667482290209e-07
2.11807337088169e-07
2.15136516030306e-07
2.12481440290741e-07
2.32151872622674e-07
2.38268281624699e-07
2.00680780135314e-07
2.01992372260801e-07
2.02688755324057e-07
1.94900011389184e-07
1.98069903898603e-07
2.02122605373594e-07
2.04185570594296e-07
1.97945762418881e-07
2.01585593662379e-07
2.01638726091125e-07
1.99543836329627e-07
2.0207096617873e-07
2.00638381929084e-07
2.06657083247629e-07
2.20211749619921e-07
2.1788767345977e-07
2.04778684026064e-07
2.08876671838936e-07
2.11666350885075e-07
2.16175536733577e-07
2.16876500667662e-07
2.05203158946892e-07
2.42822593132192e-07
2.47822268962579e-07
2.52496529298877e-07
2.34593364173796e-07
2.30889166606724e-07
2.26457824112979e-07
2.2013005986457e-07
2.16025214226467e-07
2.19315504856955e-07
2.18626855431804e-07
2.23822308303468e-07
2.2659965922818e-07
2.43618324318001e-07
2.39226467692251e-07
2.0532686926876e-07
2.06393344074245e-07
2.07180816032265e-07
2.07775746936022e-07
2.01105279428529e-07
2.03921775631289e-07
2.07567447694547e-07
2.12138166504238e-07
2.072810048614e-07
2.02909087569153e-07
2.05469378542869e-07
2.06693570853317e-07
2.04737073978651e-07
2.064118735405e-07
2.07059493963263e-07
2.11351628581288e-07
2.17075552360456e-07
2.23274666410722e-07
2.23114836125574e-07
2.11780083149121e-07
2.13536383365094e-07
2.18025204733782e-07
2.22158815795477e-07
2.08939693965559e-07
2.54120644748219e-07
2.4828562886006e-07
2.5075446315235e-07
2.59140130084719e-07
2.40403919934709e-07
2.36438061966529e-07
2.26812534508787e-07
2.31752077731234e-07
2.30198632464257e-07
2.24917206186694e-07
2.2434123449737e-07
2.29733190820806e-07
2.31056310742772e-07
2.46468488031872e-07
2.1108297843821e-07
2.11626056983317e-07
2.1257326035988e-07
2.14938498487429e-07
2.08500944606366e-07
2.09854516279867e-07
2.13774977011123e-07
2.12315723612688e-07
2.10052657560338e-07
2.1040925047316e-07
2.08939693965559e-07
2.11379257950975e-07
2.10848676921922e-07
2.16407312755316e-07
2.16662557160618e-07
2.19908180664775e-07
2.2064096147244e-07
2.25772218451882e-07
2.28178258926699e-07
2.18385928055562e-07
2.23630663682637e-07
2.26586206700425e-07
2.12762954366631e-07
2.5913580401331e-07
2.54205891759908e-07
2.58375859636508e-07
2.65848677837024e-07
2.64907537053251e-07
2.4510330343785e-07
2.40803957560886e-07
2.30130787456022e-07
2.35578987387006e-07
2.30091373212639e-07
2.34069604259949e-07
2.35077016270545e-07
2.35873120816242e-07
2.5266267972956e-07
2.2180893246838e-07
2.16133376329763e-07
2.1968769820596e-07
2.23159114398424e-07
2.13720117273406e-07
2.17100909627515e-07
2.20876731910352e-07
2.1564009529146e-07
2.15023702818602e-07
2.20516432091163e-07
2.16607570534468e-07
2.21136645833728e-07
2.22990140467455e-07
2.25945012776897e-07
2.27008537257423e-07
2.30889951844947e-07
2.35404119597525e-07
2.27264161434748e-07
2.30158679102331e-07
2.33547693376039e-07
2.2047390438164e-07
2.58683833992879e-07
2.65688585211087e-07
2.61385056331641e-07
2.72753742484954e-07
2.72993681021815e-07
2.79740702486458e-07
2.46853568909583e-07
2.42021429842604e-07
2.35279678993027e-07
2.40297311974365e-07
2.38803876816653e-07
2.53048014428371e-07
2.39732002248991e-07
2.41324410311544e-07
2.41067496120261e-07
2.41698735525812e-07
2.58737369921335e-07
2.63989098471158e-07
2.28212921833594e-07
2.24352240126431e-07
2.27714646080124e-07
2.26555587138628e-07
2.21000793236214e-07
2.23249470611473e-07
2.26916625902473e-07
2.19812395079486e-07
2.21007984807309e-07
2.24970219251795e-07
2.26087668472659e-07
2.28402793593067e-07
2.2441838569665e-07
2.27233527715816e-07
2.28787341575505e-07
2.31811671325605e-07
2.33127255882665e-07
2.39910807712658e-07
2.44936599765132e-07
2.32462298956078e-07
2.33032207174181e-07
2.37265019634878e-07
2.38992817700099e-07
2.2841619123084e-07
2.67028845401708e-07
2.72238227047971e-07
2.78954963582691e-07
2.78131171224955e-07
2.86890323331159e-07
2.49731853597403e-07
2.46496002014762e-07
2.43919145219195e-07
2.46809964692897e-07
2.57576377653448e-07
2.45317802173677e-07
2.5043693576878e-07
2.47306829405795e-07
2.64283899423932e-07
2.64285104770822e-07
2.699969491442e-07
2.36650307510209e-07
2.30240526304077e-07
2.34916843824458e-07
2.32668040703478e-07
2.27966104474557e-07
2.31588674145914e-07
2.29990452820084e-07
2.33594137921197e-07
2.32221079092555e-07
2.33870594557305e-07
2.39769524572911e-07
2.32395769283869e-07
2.32301622257438e-07
2.36778233897737e-07
2.36989182355702e-07
2.37480164773757e-07
2.44736031866594e-07
2.50001030900398e-07
2.37710910944348e-07
2.39701246910085e-07
2.43702987790949e-07
2.43913467071261e-07
2.36489893139522e-07
2.72905901427557e-07
2.78544200542908e-07
2.82663883243175e-07
2.84219406244052e-07
2.89868767150607e-07
2.9417031167541e-07
2.56742636195417e-07
2.52793595900214e-07
2.51790303503982e-07
2.51639126791809e-07
2.59303278351227e-07
2.51006277127429e-07
2.54764102502766e-07
2.53234737281478e-07
2.70201032633468e-07
2.66454712123844e-07
2.76437142672533e-07
2.40496394196899e-07
2.38104867271562e-07
2.37953938277485e-07
2.33567884471915e-07
2.36716266422042e-07
2.38265653121096e-07
2.41376371764001e-07
2.44951192985579e-07
2.43501328940632e-07
2.40647542293777e-07
2.42952108481423e-07
2.42060620847362e-07
2.43498879260598e-07
2.54320168266955e-07
2.45960186964458e-07
2.46022924076448e-07
2.50461578244688e-07
2.54050392425459e-07
2.44830385241986e-07
2.82325831294806e-07
2.84706007348953e-07
2.90251319995511e-07
2.93745698813775e-07
2.95713466926143e-07
3.00458200189386e-07
3.01580919785598e-07
2.62759466861561e-07
2.61252339486056e-07
2.57998750983915e-07
2.56692305172347e-07
2.63529034166624e-07
2.6925203156249e-07
2.60661158462724e-07
2.60128916712715e-07
2.77387058680798e-07
2.72143677601946e-07
2.75912874227906e-07
2.83408081295748e-07
2.88753776843857e-07
2.4437968158829e-07
2.48751885256791e-07
2.45729929843458e-07
2.42965455697518e-07
2.4213865487979e-07
2.45131132087182e-07
2.487078932365e-07
2.50212601238309e-07
2.51404013859782e-07
2.46893107606113e-07
2.47650094010111e-07
2.49135339645191e-07
2.49309149820192e-07
2.60552199870246e-07
2.5307910860647e-07
2.5235343718635e-07
2.57214470209041e-07
2.53322167784757e-07
2.90285140418951e-07
2.97090627038252e-07
3.03630978024384e-07
3.0636045935809e-07
3.09170096553194e-07
2.67688524781367e-07
2.69795514659325e-07
2.69525196645613e-07
2.64602460666916e-07
2.6969016132825e-07
2.67937587466664e-07
2.76929990284972e-07
2.8287231725616e-07
2.82512298058568e-07
2.81580945345732e-07
2.95617246697395e-07
2.88560416360487e-07
2.93765469317941e-07
2.55862749688005e-07
2.51027073674583e-07
2.52229155685502e-07
2.53750093480612e-07
2.51275638581916e-07
2.50142390336476e-07
2.55642925172456e-07
2.58229513664544e-07
2.55748473026422e-07
2.54379299062534e-07
2.57109706069531e-07
2.5270563741782e-07
2.53008178223284e-07
2.57177225048571e-07
2.59287758416456e-07
2.65666938401329e-07
2.58287571385854e-07
2.63362692582492e-07
2.64254123325432e-07
2.62053741364605e-07
3.16860279717488e-07
3.00360338491359e-07
3.03573473974794e-07
3.20722032905154e-07
3.04061519613911e-07
3.10659947448563e-07
3.15303478732545e-07
2.73978207623759e-07
2.73703797999175e-07
2.7139698825037e-07
2.7629767468282e-07
2.75658523127941e-07
2.77437451576757e-07
2.73696345519734e-07
2.83484526908279e-07
2.90140144305203e-07
2.88134108807393e-07
3.00169263743364e-07
2.95840205250378e-07
3.06599005229498e-07
2.61530925195577e-07
2.61042046403395e-07
2.57451925383398e-07
2.60392186571218e-07
2.58157042008353e-07
2.61394198775594e-07
2.64157177391665e-07
2.6085193843199e-07
2.62022061381143e-07
2.61269476017521e-07
2.63174245680808e-07
2.58781158418671e-07
2.59896427707745e-07
2.65443551789517e-07
2.64488800409262e-07
2.7011073710733e-07
2.67361916029566e-07
2.70403598611449e-07
2.68723732429264e-07
2.66462878547849e-07
3.24776593548958e-07
3.2839676235112e-07
3.06962509896198e-07
3.09895295579527e-07
3.25492927791865e-07
3.16194630260018e-07
3.22602756036559e-07
2.8006131067085e-07
2.81376591128184e-07
2.76891212242154e-07
2.81765733289673e-07
2.81767082678506e-07
2.85510186433682e-07
2.8432088129371e-07
2.90246362984615e-07
2.98280301631381e-07
2.97338194261188e-07
3.06289388373811e-07
3.11611962008092e-07
2.67615388745274e-07
2.67065476205967e-07
2.66281292343189e-07
2.69646249763038e-07
2.66575074437577e-07
2.71212696006675e-07
2.69772992217566e-07
2.67730760839094e-07
2.7023884801787e-07
2.65859856951416e-07
2.71598069426314e-07
2.71036813733306e-07
2.77485815742126e-07
2.77299253358457e-07
2.76318301657233e-07
2.75551129783445e-07
2.70992009654433e-07
3.32786823686292e-07
3.3353073481611e-07
3.17878427572282e-07
3.16220958599261e-07
3.3043119791325e-07
3.24670278623399e-07
2.86452834983964e-07
2.88017829961842e-07
2.84185586328011e-07
2.8744400450712e-07
2.91053280273433e-07
3.18598968807923e-07
2.94351420008893e-07
3.00808861876867e-07
3.02558913379674e-07
3.08373285394273e-07
3.14250500109247e-07
2.74601016984549e-07
2.80780842721216e-07
2.74753185257414e-07
2.75773045629907e-07
2.73210971101187e-07
2.78778513588026e-07
2.75758153124699e-07
2.7532202393123e-07
2.74779889372304e-07
2.79549737476821e-07
2.73327518034912e-07
2.76846138642242e-07
2.77702983264585e-07
2.84915480467387e-07
2.85476861204184e-07
2.83080953954689e-07
2.82489300589136e-07
2.80140842647737e-07
3.41030898287287e-07
3.49397303167857e-07
3.41894223371862e-07
3.41622206912671e-07
3.24191966244895e-07
3.23006551973887e-07
3.36390208665056e-07
3.3187206130924e-07
2.9495940715577e-07
2.91169037719005e-07
2.93517490689906e-07
2.93835937967601e-07
2.97800336367064e-07
3.24272688299921e-07
3.31777652780842e-07
3.02748432146773e-07
3.07241446726747e-07
3.11401486103966e-07
3.18991422414078e-07
2.88923521943737e-07
2.81337458408054e-07
2.79186113966519e-07
2.8277048696379e-07
2.82624709851869e-07
2.86599088138794e-07
2.82351907910564e-07
2.81950409691544e-07
2.81196016099293e-07
2.87056798870041e-07
2.82925962479698e-07
2.88804729997119e-07
2.87448722049654e-07
2.90945689790078e-07
2.94886057850058e-07
2.96356150985717e-07
2.9405262999964e-07
2.89558019917826e-07
3.49175906911365e-07
3.57979413946176e-07
3.51190045132625e-07
3.45270767776331e-07
3.46457626584939e-07
3.30289874904592e-07
3.39646807176132e-07
3.03025928735195e-07
2.98731875035711e-07
3.02969096109086e-07
3.07606888287738e-07
3.38598778886068e-07
3.26528817109049e-07
3.33903677286974e-07
3.12120339254712e-07
3.14161734328114e-07
3.19114558707109e-07
3.25194083792157e-07
2.88838870516395e-07
2.85124218673841e-07
2.89216755037585e-07
2.93923189366389e-07
2.88864975097837e-07
2.87516828402219e-07
2.87341421529934e-07
2.94569578656212e-07
2.92587975475578e-07
2.945732490783e-07
2.94338962450689e-07
2.92096091526869e-07
2.94338962450689e-07
2.98510502553224e-07
2.99080633327902e-07
2.99496169879879e-07
2.96213118945394e-07
3.03350638127785e-07
3.02937121750668e-07
3.06161132467541e-07
2.99158038405054e-07
3.57939230300277e-07
3.66725717265756e-07
3.59351187463295e-07
3.54404659705459e-07
3.53181842423625e-07
3.66571582236835e-07
3.66945575060654e-07
3.46714797499858e-07
3.4117845197824e-07
3.12108041608291e-07
3.06939936423318e-07
3.1111467443518e-07
3.14266420620858e-07
3.45566323322067e-07
3.20246600941318e-07
3.32606184569074e-07
3.39683034778617e-07
3.21250587579674e-07
3.28672021738822e-07
2.9627136559679e-07
3.00569044977038e-07
2.95758887219492e-07
3.01260039825139e-07
2.94476540865178e-07
2.99167151850572e-07
3.01468316249705e-07
3.02780071416271e-07
3.01364589784485e-07
3.04739364855283e-07
3.06066816324439e-07
3.02453254395596e-07
3.1025916134285e-07
3.09357920270558e-07
3.12797982326932e-07
3.13277514742123e-07
3.09087069062215e-07
3.71145388238579e-07
3.75674772441075e-07
3.75372348646263e-07
3.62556831117544e-07
3.58287595664689e-07
3.53283673519699e-07
3.75736912234275e-07
3.72024985981169e-07
3.51352958062487e-07
3.19984515108324e-07
3.13918207237378e-07
3.18461294740806e-07
3.54066493510329e-07
3.47414427086505e-07
3.44188114095422e-07
3.25268495436985e-07
3.26069695092589e-07
3.40002571124387e-07
3.31772273077565e-07
3.06207517528529e-07
3.06407102674304e-07
3.05751003673698e-07
3.05965503097403e-07
3.05584306374802e-07
3.08494505495424e-07
3.10748351371835e-07
3.08353715944272e-07
3.11592137958177e-07
3.11103320891889e-07
3.10611880442463e-07
3.1561382148566e-07
3.09875095450901e-07
3.13713115232822e-07
3.16731351345036e-07
3.2062211341953e-07
3.1773554955859e-07
3.1994695735468e-07
3.21054974644298e-07
3.14106534645239e-07
3.81961565646449e-07
3.84827845462094e-07
3.83196191113907e-07
3.67177691954826e-07
3.61988270154461e-07
3.84865754643831e-07
3.76221398469629e-07
3.64965390118425e-07
3.62611607614859e-07
3.31221681640755e-07
3.26047879132276e-07
3.25109182936012e-07
3.56265047745185e-07
3.51100230185531e-07
3.47819567349022e-07
3.3559176577917e-07
3.41542406649117e-07
3.37103787438963e-07
3.12986369404193e-07
3.13562699063595e-07
3.19077580446533e-07
3.14662466990564e-07
3.17445624348018e-07
3.14106534645239e-07
3.1664120159516e-07
3.17095021556082e-07
3.17660404422692e-07
3.2354155317719e-07
3.20047411669082e-07
3.20515140975125e-07
3.2664449717975e-07
3.28444100040393e-07
3.29177657412647e-07
3.28106349995063e-07
3.27867697138347e-07
3.19224244695772e-07
3.92416656652438e-07
3.94176980570883e-07
3.92779856924203e-07
4.03767473271992e-07
3.91765247788703e-07
3.70888828671918e-07
3.86519754323619e-07
3.80650507340668e-07
3.64986184929737e-07
3.71602963533054e-07
3.70669689256215e-07
3.35307856362855e-07
3.35391255182238e-07
3.55670993079745e-07
3.50907163736663e-07
3.43071952740246e-07
3.51602456073621e-07
3.43137503018842e-07
3.46895358501483e-07
3.22116489047445e-07
3.29126962175056e-07
3.24629651275784e-07
3.24444733825065e-07
3.23128086191565e-07
3.25473761583293e-07
3.24569769654943e-07
3.2441995795462e-07
3.24637675166684e-07
3.27501154896883e-07
3.31317603914843e-07
3.33592160625742e-07
3.3621311390327e-07
3.33978053898361e-07
3.36773282807002e-07
3.35081934643372e-07
3.38832976621648e-07
3.29655940112942e-07
4.02399848998355e-07
4.03334523127117e-07
3.99430677118604e-07
4.07468005036817e-07
4.13554863058323e-07
3.97105377151373e-07
3.63461836682695e-07
3.68193933768279e-07
3.77928781096842e-07
3.87380122109646e-07
3.94502088536087e-07
3.73006961885058e-07
3.78967358324116e-07
3.42237369706658e-07
3.43060051913783e-07
3.57005211328638e-07
3.57001407654231e-07
3.54858289011489e-07
3.31268043823027e-07
3.36876836192284e-07
3.34469426957056e-07
3.31615634570607e-07
3.30737222720358e-07
3.31913523788976e-07
3.34955006882277e-07
3.332173582157e-07
3.39257735933654e-07
3.46025220386144e-07
3.43704676828529e-07
3.41953227628425e-07
3.46533695011959e-07
3.45837242004931e-07
3.47135167322038e-07
3.40376714464587e-07
4.11436252694252e-07
4.09421350247065e-07
4.08174514767453e-07
4.17373651104191e-07
4.15799185306162e-07
4.23618009272758e-07
4.0404861477606e-07
3.64596216578491e-07
3.7204794851966e-07
3.78987166512361e-07
3.8919937719766e-07
3.97130744846444e-07
4.0358562376025e-07
3.86276393222747e-07
3.49709562149682e-07
3.56429549654195e-07
3.65495657002305e-07
3.62381605777681e-07
3.65140482646449e-07
3.39487798023185e-07
3.43956409303385e-07
3.38876924702338e-07
3.42170747037756e-07
3.44085091968175e-07
3.39633610807547e-07
3.38454981812743e-07
3.45842491949174e-07
3.41130752975632e-07
3.47634702663028e-07
3.53349905542714e-07
3.46991106341448e-07
3.53541040598333e-07
3.51953222245009e-07
3.52720264562879e-07
3.53963179938159e-07
3.59094066564509e-07
3.51353431788222e-07
4.21437691379118e-07
4.15549759704833e-07
4.18488738431929e-07
4.26498045847383e-07
4.28709679430685e-07
4.33887903466833e-07
4.44464562705771e-07
4.12860278572169e-07
3.86829618400581e-07
3.737778400053e-07
3.81621977272938e-07
4.01265821854075e-07
4.03519104734649e-07
4.11619737945733e-07
3.95017793414885e-07
4.01777283835503e-07
3.59956632454244e-07
3.65008217937858e-07
3.7473039992117e-07
3.69811159106754e-07
3.7502624288844e-07
3.4793767277676e-07
3.52671153591115e-07
3.60787129415913e-07
3.46580361880179e-07
3.49579016435612e-07
3.51299663917437e-07
3.46736283432874e-07
3.57001403288916e-07
3.51149554060784e-07
3.55059905133744e-07
3.55153166987382e-07
3.62613888150297e-07
3.5816923269603e-07
3.60069994964086e-07
3.65950307124481e-07
3.65844408883437e-07
3.62711881107641e-07
4.5526862752389e-07
4.32277358324343e-07
4.35210708211248e-07
4.24250438421933e-07
4.27832031207579e-07
4.40445833212172e-07
4.51590647401591e-07
4.26855871248139e-07
4.21778111041063e-07
3.82028952894591e-07
3.91527992752139e-07
3.85975189539646e-07
3.99686681138208e-07
4.10545097205471e-07
4.18964474105467e-07
4.05146536825285e-07
4.10481548854781e-07
3.72188363575767e-07
3.76095762050753e-07
3.82659441217607e-07
3.80766945934727e-07
3.65850482601814e-07
3.70563149471647e-07
3.58262341244999e-07
3.64864812595823e-07
3.69279226385579e-07
3.54588547076284e-07
3.62069173675383e-07
3.59302776719375e-07
3.62188490854266e-07
3.64732416210307e-07
3.68616559838145e-07
3.69960474930634e-07
3.80320931596199e-07
3.74918050437625e-07
3.79079054855211e-07
3.74343913933147e-07
4.66406654821718e-07
4.61396624461935e-07
4.42624800138503e-07
4.42144942262895e-07
4.32708414078339e-07
4.53216365205863e-07
4.64107154398059e-07
4.35347827752095e-07
4.30961998393214e-07
4.28095664118357e-07
3.92693877271637e-07
3.98681890472217e-07
4.0737900164024e-07
4.20294060893422e-07
4.12687378363061e-07
3.83967969727942e-07
3.80910472588995e-07
3.90073455459697e-07
3.88650860198925e-07
3.9165584685692e-07
3.7104215783003e-07
3.79069973556598e-07
3.77356275169898e-07
3.7713720822201e-07
3.68986359467844e-07
3.78237499347796e-07
3.62832854719882e-07
3.71551366267441e-07
3.7124149353983e-07
3.72419754198168e-07
3.72186753299755e-07
3.93241286334584e-07
3.78538113605894e-07
3.84817280270508e-07
3.85248021465282e-07
3.8561457202021e-07
3.86342709645793e-07
4.72051897716097e-07
4.77805740240792e-07
4.89561820264947e-07
4.72051897716097e-07
4.51650962932585e-07
4.42530276416796e-07
4.48972929047522e-07
4.61806284165501e-07
4.75325486384103e-07
4.42784039318278e-07
4.3778050660739e-07
4.52194807003052e-07
4.30594953945421e-07
4.00548492842286e-07
4.08593219623835e-07
4.13749479094789e-07
4.21648530377376e-07
4.30637739568049e-07
3.95211066564151e-07
4.03989165213798e-07
4.0113295115194e-07
4.14401267467576e-07
3.79532500792607e-07
3.92461008150681e-07
3.86459879548453e-07
3.88611772074678e-07
3.8820717569009e-07
3.79203420925244e-07
3.87828281395404e-07
3.7717640563657e-07
3.80926582672281e-07
3.82111951320243e-07
4.0167833001525e-07
3.95014935186585e-07
4.02476046472689e-07
3.90947319134286e-07
3.93391039907787e-07
3.97636172627412e-07
3.98713682599765e-07
5.01628333673635e-07
4.89564717648828e-07
4.87129664077412e-07
4.55820962415063e-07
4.54492958469057e-07
4.68058346150866e-07
4.73401333247881e-07
4.77922916229469e-07
4.84079615938061e-07
4.40770009228105e-07
4.48275609442795e-07
4.65916810176227e-07
4.59590622326468e-07
4.38321168346909e-07
4.11141976252689e-07
4.1837196239582e-07
4.20429325012885e-07
4.2674700641321e-07
4.36910054000712e-07
4.28284413272126e-07
4.07552895325862e-07
4.13528861175949e-07
4.22594647162405e-07
4.00800364282075e-07
3.88545524382783e-07
3.95628778804328e-07
3.97357332187855e-07
4.00016353240491e-07
3.93158346174832e-07
3.96709738571247e-07
3.87664301771679e-07
3.91979228159427e-07
3.93525445583006e-07
4.09484097962338e-07
4.02834708550706e-07
4.09963735133283e-07
4.05265796511403e-07
3.99545263348898e-07
4.05933375994329e-07
4.09313487792904e-07
4.11417632495134e-07
5.14070487853245e-07
5.07201547192971e-07
4.98636203849124e-07
4.99821224526592e-07
4.68078465240776e-07
4.82610030605123e-07
4.93966106334649e-07
4.75203060618996e-07
4.47967009092752e-07
4.55926384767818e-07
4.71376432051906e-07
4.4873008818656e-07
4.21888118654174e-07
4.28491015691971e-07
4.40161119096346e-07
4.38336688991358e-07
4.21533534361444e-07
4.25884322938364e-07
4.32525912917089e-07
4.07197352201576e-07
4.00994535947678e-07
4.06802097172048e-07
4.12820822498452e-07
4.07340724520101e-07
4.05880755761229e-07
3.99972809757865e-07
3.98475196756397e-07
4.05155953959222e-07
4.19511646005068e-07
4.27414823590229e-07
4.1064874237875e-07
4.17706652425035e-07
4.12778681898796e-07
4.12724426126845e-07
4.20519584191635e-07
4.16762523612776e-07
4.18403529461098e-07
4.24595698593243e-07
5.26891653668136e-07
5.40102750192756e-07
5.67868009595922e-07
5.53785202800424e-07
5.20396713790501e-07
5.29642067192417e-07
5.82544463520337e-07
5.11107940224705e-07
5.12257649937509e-07
5.05620542541377e-07
4.82125531362484e-07
4.96461808579367e-07
4.85947755347065e-07
4.80549234102584e-07
6.83686737696267e-07
5.97701116892625e-07
6.64902892324547e-07
6.46981216776486e-07
6.29896061192103e-07
6.13468458209549e-07
6.91133729151523e-07
7.03413177640477e-07
8.22844580165552e-07
4.58086531925234e-07
4.73918182729253e-07
4.60803709301518e-07
4.55502118205429e-07
4.35867580190225e-07
4.36559423969958e-07
4.44741702151304e-07
4.50098035292322e-07
4.34250709726509e-07
4.42702103554789e-07
4.36496344178538e-07
4.43169862371356e-07
4.15311117869303e-07
4.23939919684623e-07
4.16166611553071e-07
4.1441719709361e-07
4.20933475324627e-07
4.28628139423632e-07
4.14889462620628e-07
4.09585134848578e-07
4.07398793833418e-07
4.14624624073477e-07
4.27159872586633e-07
4.21636909886029e-07
4.21234426397409e-07
4.30756769064132e-07
4.27107203598659e-07
4.38171714645648e-07
4.52167383358729e-07
5.40102750192756e-07
5.75155878989153e-07
5.5576587524259e-07
5.28170553448535e-07
5.39529753214147e-07
5.91071669786059e-07
5.82840799126278e-07
5.23566129866493e-07
5.18553679817787e-07
5.15362189504698e-07
4.93778321451519e-07
5.04815260655243e-07
4.94402324652275e-07
4.85597147418879e-07
6.72697262201292e-07
6.10872757061432e-07
6.09420630963832e-07
6.48981532188878e-07
6.25817455769534e-07
6.84232470248298e-07
7.95377009785571e-07
8.03966346526731e-07
7.24257658965081e-07
7.46411798295364e-07
7.7002474547872e-07
7.04886050778931e-07
7.20714117100766e-07
8.22844580165552e-07
4.69886232323783e-07
4.82499597195721e-07
4.71329856711766e-07
4.63199595904187e-07
4.453991025945e-07
4.55176741913193e-07
4.62377285476636e-07
4.72080466514185e-07
4.37031623516164e-07
4.47072791498915e-07
4.52518283348351e-07
4.46633409544662e-07
4.50703511842165e-07
4.38120489212224e-07
4.26374957087005e-07
4.33325075344426e-07
4.24940278785209e-07
4.24598834812963e-07
4.33877806392049e-07
4.24186513586127e-07
4.18747283703295e-07
4.19390033974757e-07
4.31188115689131e-07
4.29324283203319e-07
4.34991732152833e-07
4.41702491451111e-07
4.39955240084213e-07
4.47124776700791e-07
4.55770445156342e-07
4.43196713864883e-07
4.59401155704666e-07
5.56081370221119e-07
5.67868009595922e-07
5.35469238929736e-07
5.48193631712641e-07
5.96504708867919e-07
5.76068312359222e-07
5.28776113211439e-07
5.25932413780793e-07
5.1642965027252e-07
5.07533508822468e-07
5.0591108965446e-07
4.93611370620989e-07
6.06953098280982e-07
6.60510778726906e-07
6.22438752362359e-07
6.38350082501696e-07
6.49499981754208e-07
6.77699492416734e-07
6.96465964547635e-07
7.8422121520627e-07
8.06937232314775e-07
7.42494172214944e-07
7.62722740935071e-07
7.25869011589608e-07
8.22844580165552e-07
4.84584236150957e-07
4.80179716439767e-07
4.58249176972712e-07
4.6648705126026e-07
4.78036258989353e-07
4.82502717212394e-07
4.57147725265396e-07
4.52222795419802e-07
4.61455864918639e-07
4.58400771664636e-07
4.60986334447703e-07
4.67442535712918e-07
4.48568288551882e-07
4.41618443230552e-07
4.36955450688365e-07
4.47452098200813e-07
4.36409967348684e-07
4.3790328479659e-07
4.33681626517131e-07
4.41193836095571e-07
4.50348384846606e-07
4.54134411089932e-07
4.53833497044432e-07
4.63053153487187e-07
4.52752408505007e-07
4.66726817381103e-07
5.61475758830183e-07
5.44285017316324e-07
5.90524258394557e-07
5.76968377910134e-07
5.35888671042476e-07
5.28133002776513e-07
5.27722951785398e-07
5.19107469977002e-07
5.14523911026335e-07
5.05162679239114e-07
4.95195873678564e-07
5.97859406436531e-07
6.22301517165082e-07
6.63386786914746e-07
6.43916614037292e-07
6.82348012414387e-07
7.05943373630737e-07
8.06073938699697e-07
7.88149767805191e-07
7.56535204471481e-07
7.33946437873479e-07
8.22844580165552e-07
4.91542914958085e-07
4.71342146722949e-07
4.7788873763496e-07
4.90009220753936e-07
4.95533155643909e-07
4.61628217420094e-07
4.6965518617796e-07
4.76284159039213e-07
4.7145166552178e-07
4.5618650499318e-07
4.58989386289955e-07
4.49053898541228e-07
4.47960025037052e-07
4.58990090688084e-07
4.48627753755709e-07
4.47972097612657e-07
4.50189117642057e-07
4.63182933910585e-07
4.70048257837081e-07
4.74140716366428e-07
4.66589233362077e-07
4.61648507582932e-07
4.77645204831339e-07
4.81768044648134e-07
5.6514956595475e-07
5.48880118026892e-07
5.60223472151948e-07
5.8526256001978e-07
6.05639551417257e-07
5.46492851049524e-07
5.3879692693509e-07
5.33839743516883e-07
5.24519896520857e-07
5.08442460507668e-07
5.09343136289842e-07
6.19329940014517e-07
6.36859273916895e-07
6.65925795320083e-07
6.47956048660096e-07
6.83958383304795e-07
7.24790956199661e-07
6.99723240565408e-07
8.01606035822159e-07
7.75503916558194e-07
7.45674082748439e-07
8.22844580165552e-07
5.05947399967187e-07
4.79179289308709e-07
4.84305434230277e-07
4.89925948065688e-07
5.00517287196738e-07
4.70624850292635e-07
4.80486081709287e-07
4.80155921735253e-07
4.89015322353e-07
4.84585900646957e-07
4.6919424930498e-07
4.65985369935605e-07
4.58931394141522e-07
4.67631775624655e-07
4.57311664579021e-07
4.63484095410094e-07
4.61917969758951e-07
4.7542086737437e-07
4.7912662974329e-07
4.89497247263909e-07
4.76214737417531e-07
4.86376781886886e-07
4.97333031680924e-07
5.01948593676545e-07
5.70486792099084e-07
5.81760716298966e-07
5.64312973635112e-07
6.16387579354493e-07
5.98072484090813e-07
5.57154344890428e-07
5.46092596062518e-07
5.34410906207595e-07
5.40643144318828e-07
5.21729733513786e-07
5.25222449227793e-07
5.24166697393842e-07
6.34366218481285e-07
6.52280363539237e-07
6.70240100580894e-07
6.91754138241143e-07
7.30266103438552e-07
7.07149290238295e-07
7.9424143158847e-07
7.65825019147784e-07
7.45104961178558e-07
8.22844580165552e-07
5.12863296282076e-07
4.93900795909845e-07
5.02903434171189e-07
5.10963450059037e-07
5.00220580972221e-07
4.86603779501396e-07
4.93092282500161e-07
4.95720238571295e-07
4.97228201349645e-07
4.79884299659977e-07
4.79018103299412e-07
4.70633458219018e-07
4.71971145923899e-07
4.71376415927585e-07
4.79476054163971e-07
4.85184159221969e-07
4.85616569418238e-07
4.90776682067899e-07
4.99539418832351e-07
4.90570558822102e-07
5.13575795251482e-07
5.09580460493919e-07
5.13575795251482e-07
5.84419882780019e-07
5.74424643965095e-07
6.16131190418312e-07
6.2974908270102e-07
5.98387667074171e-07
6.10741797861532e-07
5.58772301906502e-07
5.71342292694149e-07
5.38404477433982e-07
5.53827007973627e-07
5.33593974676208e-07
5.40876895146731e-07
5.29507646068957e-07
5.34856405786871e-07
6.47613101929703e-07
7.01864979037611e-07
6.65797315048658e-07
6.83246671634121e-07
6.60370860134625e-07
7.28468478632223e-07
7.1716611273424e-07
7.95548082052845e-07
7.72815917994097e-07
7.59374177816956e-07
8.22844580165552e-07
5.22907093228028e-07
5.07514294003553e-07
5.14279604361634e-07
5.09675792302187e-07
5.01040299008688e-07
5.05977222283063e-07
5.1268650907609e-07
4.93395096916332e-07
4.86225336070543e-07
4.82247632424114e-07
4.9450223558182e-07
4.96708650307624e-07
4.98938120505244e-07
5.02889845815622e-07
5.091554519789e-07
5.06283404173149e-07
5.06566344467309e-07
5.2189717197164e-07
5.30446949544921e-07
5.16553186009435e-07
5.2552552982728e-07
5.90855156896704e-07
6.25188742770587e-07
6.05727953904023e-07
5.66147835481234e-07
5.77910867586797e-07
5.50281757252762e-07
5.64668868831535e-07
5.35349841931495e-07
5.43665619030966e-07
5.50903858699625e-07
5.41807433527015e-07
6.36708728351637e-07
6.28334874192015e-07
6.86637111752377e-07
6.64804226115555e-07
7.39232438579526e-07
7.05857909856638e-07
7.28674207976846e-07
7.92589606669564e-07
7.69507750951696e-07
8.22844580165552e-07
5.19192661206995e-07
5.29870706663346e-07
5.17758296139301e-07
5.12202123053218e-07
5.23783922612292e-07
5.1611854085762e-07
5.17933801719136e-07
5.2760739109065e-07
5.14999967814747e-07
5.04754742859348e-07
5.01903630063096e-07
5.03489771924335e-07
5.07058324340929e-07
5.10965440978189e-07
5.20069278498745e-07
5.20337084797526e-07
5.20785310872768e-07
5.34638094402877e-07
5.48002216301244e-07
5.28070666289267e-07
5.34877098794132e-07
5.57097196816732e-07
5.66341228806889e-07
5.98932783383576e-07
6.13603506242024e-07
5.7671776783575e-07
5.90679531885389e-07
5.42144864824726e-07
5.69824001413016e-07
5.80883640103241e-07
5.47341097186107e-07
5.52021458140094e-07
5.65229471180066e-07
5.53276867114941e-07
6.49267500801519e-07
6.25997036687486e-07
6.87782972600464e-07
6.70702368836776e-07
7.70898901100101e-07
7.50442245568806e-07
7.12610868692099e-07
7.30643535538574e-07
7.95536999005465e-07
7.87330031205684e-07
8.22844580165552e-07
5.31113516728068e-07
5.38761531498674e-07
5.24512361346065e-07
5.37819268097554e-07
5.27800464293455e-07
5.38457591734754e-07
5.33126305027298e-07
5.26582858953218e-07
5.1748278205404e-07
5.1246548881052e-07
5.20472052860603e-07
5.23509902446361e-07
5.35188487510542e-07
5.3338909502175e-07
5.43880703224942e-07
5.39943563849267e-07
5.85580626061465e-07
5.57097196816732e-07
5.7387043427193e-07
6.08217946961667e-07
5.94030660742731e-07
6.17573302299908e-07
5.58765757721789e-07
5.7970301822114e-07
5.90207400656489e-07
5.61445533014477e-07
5.72267989456982e-07
6.48298506587881e-07
6.34853184533992e-07
6.92868334767481e-07
6.75407088243215e-07
6.62370872933657e-07
7.65311225189395e-07
7.44656497381567e-07
7.11950571303977e-07
7.80602687409873e-07
8.02495966187391e-07
8.22844580165552e-07
5.52116352973863e-07
5.60808928171578e-07
5.43162988408225e-07
5.48908688120792e-07
5.47454541312232e-07
5.46141755997502e-07
5.55433179675623e-07
5.44552286797576e-07
5.34873421794053e-07
5.30082157905338e-07
5.33151573830927e-07
5.42918162823349e-07
5.54244669425677e-07
5.4569444970433e-07
5.52210589191047e-07
5.57331028266665e-07
5.65031212293044e-07
5.9050493923213e-07
5.95512900195313e-07
5.70926074180307e-07
5.84520062516432e-07
6.07776809717131e-07
6.22431381420666e-07
5.67858489261278e-07
5.69785724715764e-07
5.94503742079905e-07
5.75856430672483e-07
5.82499113289597e-07
6.37974107004753e-07
6.55560680834085e-07
6.88238337326192e-07
6.75137256843161e-07
7.43402611041185e-07
7.2396329027563e-07
7.5372697417912e-07
7.7445097013724e-07
7.98771017920558e-07
8.22844580165552e-07
5.66380787307089e-07
5.60311103537087e-07
5.74332922428823e-07
5.59370944917453e-07
5.65056920404713e-07
5.63588968636436e-07
5.68357824937576e-07
5.67106272069316e-07
5.47886527627927e-07
5.46568691251059e-07
5.61149137554918e-07
5.59900664686576e-07
5.7005101912811e-07
5.67181546758295e-07
5.69516642010007e-07
5.77558172900412e-07
5.95512900195313e-07
6.00607594716973e-07
6.05751016482153e-07
5.88995729568631e-07
6.01622766505302e-07
6.16041101857603e-07
6.09446497064562e-07
5.80049724482178e-07
5.98338553896636e-07
5.93041407448322e-07
6.44455958164196e-07
6.60442709318631e-07
6.35253949124963e-07
6.93695755235091e-07
6.79243052306243e-07
7.10738900195952e-07
7.35245594256409e-07
7.62986981382051e-07
7.93466559066717e-07
8.22844580165552e-07
5.81744372996058e-07
5.80063573305516e-07
5.93131242417011e-07
5.79692349301814e-07
5.83754620707845e-07
5.76391931823275e-07
5.79019000979625e-07
5.63869367072832e-07
5.7226464349662e-07
5.78969531403481e-07
5.81268800781714e-07
5.8248654791614e-07
5.90266100933929e-07
6.26968992163978e-07
6.1618981447395e-07
6.49375507928897e-07
6.02030602327305e-07
6.14848554199918e-07
6.73143670057297e-07
6.17719308467497e-07
5.97487895837585e-07
6.10728941526096e-07
6.74330024115541e-07
6.55333824581663e-07
6.40623337622928e-07
6.09104968197871e-07
7.03301926671159e-07
6.90536256542629e-07
7.30263842843789e-07
7.49014648036192e-07
7.77963050897496e-07
8.01544368449296e-07
8.22844580165552e-07
5.94893191827366e-07
5.92564504371093e-07
6.01970212970616e-07
5.9375146011107e-07
5.9738506228221e-07
5.92012258270375e-07
5.93088133314022e-07
5.81668381391319e-07
5.921723977834e-07
6.00097315520638e-07
5.96107796525434e-07
6.02989837511139e-07
6.38014674443399e-07
6.29434865063064e-07
6.59974285341066e-07
6.16435702464531e-07
6.33310940237999e-07
6.85650142538985e-07
6.98494525036017e-07
6.26831252241762e-07
6.20143727374638e-07
6.48772672806283e-07
6.61866599214311e-07
6.26437591475141e-07
6.1506320638077e-07
7.1923426251549e-07
6.84876559895154e-07
7.08882273370075e-07
7.43498102899275e-07
7.64078679113463e-07
7.93236478539985e-07
8.22844580165552e-07
6.07214617299215e-07
6.12395605926594e-07
6.12330394197506e-07
6.06543429164092e-07
6.08271763840038e-07
6.02093025807194e-07
6.06973381961066e-07
6.1387633108485e-07
6.11368508096885e-07
6.22101795521955e-07
6.50267896648946e-07
6.63739137878436e-07
6.30475399103921e-07
6.48104493609317e-07
7.01379921932354e-07
6.78694096519257e-07
6.99839420352055e-07
7.25707329006155e-07
6.44772079022554e-07
6.59949085115557e-07
6.4178986890111e-07
6.76265438122642e-07
6.93791780915939e-07
6.34969858201857e-07
7.29606579885913e-07
7.10891709730734e-07
7.63694339865491e-07
7.9916190014937e-07
8.22844580165552e-07
6.28432528354569e-07
6.35713867982029e-07
6.31784478382284e-07
6.218194870982e-07
6.16343835040294e-07
6.22482892137581e-07
6.33408649064286e-07
6.22888064186819e-07
6.26258371864786e-07
6.44401996571841e-07
6.5240331560682e-07
6.67929507850737e-07
6.57395354401066e-07
6.85209339192199e-07
7.17208902173696e-07
7.02607175179913e-07
7.87261085030427e-07
7.5511842315571e-07
7.40156057852396e-07
8.22844580165552e-07
6.50679899222054e-07
6.61841217206171e-07
7.08605917564455e-07
6.85209593534675e-07
6.50677106548767e-07
7.54749536249303e-07
7.36600988866235e-07
7.89859329127636e-07
8.22844580165552e-07
6.49753732806953e-07
6.45297949841589e-07
6.36692942482079e-07
6.36641609293955e-07
6.47483398140841e-07
6.3909381159026e-07
6.6425757337374e-07
6.67591198284457e-07
6.77442416478376e-07
6.75202543118236e-07
7.06276381748956e-07
7.34379187926271e-07
7.33720250508097e-07
8.02543315520411e-07
7.7087904744874e-07
7.54348049086022e-07
8.22844580165552e-07
6.67002816518267e-07
6.69705057922146e-07
6.81467623285221e-07
7.25493718482294e-07
7.00710757546346e-07
6.7934198771145e-07
7.58458388273671e-07
7.4421303760284e-07
7.44845596230428e-07
7.93803916300626e-07
8.22844580165552e-07
6.63985091961302e-07
6.5216683500802e-07
6.50499435837279e-07
6.60888050818345e-07
6.6607277549267e-07
6.80681517040057e-07
6.84978561312304e-07
6.95574990233024e-07
6.90827571179731e-07
7.20415958817943e-07
7.48598523174903e-07
7.58636054946211e-07
7.99169844084181e-07
7.75829520927862e-07
8.22844580165552e-07
6.80626113035297e-07
7.0090139440128e-07
7.20960297113386e-07
7.026261460733e-07
6.99124366405016e-07
7.52976434432201e-07
7.78654231631235e-07
8.01285503409355e-07
8.22844580165552e-07
6.72281764710955e-07
6.80366870376306e-07
6.66273411941932e-07
6.90074505531007e-07
6.95509340403569e-07
7.08017046040847e-07
7.06260715392847e-07
7.39888584506225e-07
7.29132341559584e-07
7.60923489531262e-07
7.72037963100839e-07
7.93860977914104e-07
8.22844580165552e-07
6.92936825297706e-07
7.25103103891662e-07
7.1813934171571e-07
7.12965536708706e-07
7.48241305616497e-07
7.71537471345315e-07
7.96807091806722e-07
8.22844580165552e-07
6.92097712269518e-07
7.06931469066202e-07
7.13264955005109e-07
7.27265325316502e-07
7.52105069566271e-07
7.46398409255265e-07
7.7150180196004e-07
7.86108837977527e-07
8.22844580165552e-07
7.11951845538395e-07
7.3619345019788e-07
7.33960355152263e-07
7.3182611306403e-07
7.56454646152512e-07
7.92833087209724e-07
8.22844580165552e-07
7.1835331333995e-07
7.33531802320564e-07
7.55602201265142e-07
7.68977199498581e-07
7.9480937745979e-07
8.22844580165552e-07
7.38304724653934e-07
7.52944854993528e-07
7.51069620635338e-07
7.75209788775745e-07
7.99725840519213e-07
8.22844580165552e-07
7.49811405688416e-07
7.76120542708237e-07
7.94811689886739e-07
8.22844580165552e-07
7.63330701251954e-07
7.77462540716911e-07
7.79340338503772e-07
8.22844580165552e-07
7.84512728939963e-07
8.22844580165552e-07
7.94029915891492e-07
8.0099985972713e-07
8.22844580165552e-07
8.22844580165552e-07
8.22844580165552e-07
