2.85050921080091e-08
2.85050921080091e-08
2.85050921080091e-08
2.85050921080091e-08
2.85050921080091e-08
2.85050921080091e-08
2.85050921080091e-08
2.85050921080091e-08
2.85050921080091e-08
2.9126234447284e-08
2.92413189751548e-08
2.85050921080091e-08
2.93211315816277e-08
2.97979325114862e-08
2.85050921080091e-08
2.85050921080091e-08
2.91203742115626e-08
2.91456154672872e-08
2.94484169242412e-08
2.85050921080091e-08
2.85050921080091e-08
2.93200641016832e-08
2.98177306384071e-08
2.92150776195015e-08
2.92150776195015e-08
2.99420842891226e-08
3.0399533360494e-08
2.99420842891226e-08
3.01229412581126e-08
3.04522686655864e-08
3.10644278450751e-08
2.93248957783839e-08
2.85050921080091e-08
2.85050921080091e-08
2.85050921080091e-08
2.96550488457983e-08
2.9991973191056e-08
3.0205810475172e-08
3.05918085329862e-08
3.05922294233335e-08
2.99444826788898e-08
3.03010639020712e-08
3.0857761348173e-08
3.0399533360494e-08
3.08576890818839e-08
3.14084133526103e-08
3.14084133526103e-08
3.12679013720753e-08
3.20537054410549e-08
3.14106086100123e-08
2.85050921080091e-08
2.93879903955926e-08
2.85050921080091e-08
2.85050921080091e-08
2.85050921080091e-08
2.85050921080091e-08
2.85050921080091e-08
2.85050921080091e-08
2.85050921080091e-08
2.85050921080091e-08
2.98330898691889e-08
2.96303366067535e-08
3.10339396998803e-08
2.9620203484713e-08
3.03568400921714e-08
3.09869020711191e-08
3.15634700757618e-08
3.08245322434196e-08
3.11067820858041e-08
3.17095194233108e-08
3.15034864395548e-08
3.15174397269368e-08
3.14084133526103e-08
3.21443125395138e-08
3.21443125395138e-08
3.24321886825314e-08
3.28820530654133e-08
3.24175508861265e-08
3.30756857775962e-08
3.26921922755421e-08
3.44004203018543e-08
2.9838331002926e-08
2.93126616146725e-08
2.85050921080091e-08
2.97125792135378e-08
2.96424139070671e-08
2.93067238660607e-08
2.98565013064104e-08
2.9759577743687e-08
2.97685348391225e-08
2.97797050921425e-08
2.91491708055142e-08
2.91499948646324e-08
2.85050921080091e-08
2.85050921080091e-08
3.07275040864503e-08
3.05911490017743e-08
3.19514430686107e-08
3.13303302241272e-08
3.08650243208014e-08
3.16111431724019e-08
3.18407547367869e-08
3.2420060968864e-08
3.25211684996139e-08
3.21447265105834e-08
3.27804118951636e-08
3.26535027648383e-08
3.28637972261701e-08
3.3323401889884e-08
3.28820530654133e-08
3.3334697481699e-08
3.36399433233055e-08
3.37889165180754e-08
3.45040063987806e-08
3.41506497308331e-08
3.40193538891301e-08
3.39433602049893e-08
3.48715408912137e-08
3.60188637276012e-08
3.04232110377724e-08
3.01429149664102e-08
3.19272551217494e-08
3.09519428124314e-08
3.05554391896111e-08
3.04083401365928e-08
3.04228399139258e-08
3.07180109203383e-08
3.08543776116173e-08
3.08364522458438e-08
3.05752622293961e-08
3.12445720552057e-08
2.98873638576045e-08
2.91205602752026e-08
3.13843938702427e-08
2.92846846632941e-08
2.85050921080091e-08
3.18259682781382e-08
3.28360310840443e-08
3.36062401016943e-08
3.35186740858151e-08
3.30206254787733e-08
3.30065760002836e-08
3.23804810364049e-08
3.29996189032715e-08
3.38481207213143e-08
3.34510158298734e-08
3.44456995507614e-08
3.38961955322875e-08
3.42978387440894e-08
3.55982718556418e-08
3.4612074936988e-08
3.46547218942495e-08
3.55776626801808e-08
3.49960828195068e-08
3.51497609727156e-08
3.58189098838519e-08
3.67115406416852e-08
3.77369920552167e-08
3.16022086748687e-08
3.1967090006718e-08
3.29006679697967e-08
3.16131745714558e-08
3.26614296963892e-08
3.14678358517884e-08
3.12843148057497e-08
3.16728829797821e-08
3.20131814870165e-08
3.20149086622862e-08
3.25809156014165e-08
3.28418623954974e-08
3.25582525779158e-08
3.19469279523468e-08
3.08552628617202e-08
2.99420842891226e-08
3.31578214263716e-08
3.42487988574176e-08
3.51754114765688e-08
3.40020340180768e-08
3.41225156321853e-08
3.36245252233479e-08
3.39972435030715e-08
3.48810289467679e-08
3.47356039507273e-08
3.55847211946987e-08
3.54473213864667e-08
3.56354398730931e-08
3.64718439541828e-08
3.66367042846438e-08
3.59803006788595e-08
3.60847798372403e-08
3.65453396533857e-08
3.71462161597186e-08
3.82865572595205e-08
3.89747021192788e-08
3.9531535479676e-08
3.32127164829465e-08
3.42023317130298e-08
3.50952019268254e-08
3.37499919180977e-08
3.26210003572656e-08
3.25012171696555e-08
3.28950666778e-08
3.32155701672653e-08
3.36323488608186e-08
3.38116528851487e-08
3.43895236446895e-08
3.37532917368465e-08
3.2974113470692e-08
3.21443125395138e-08
3.14084133526103e-08
3.45897380060692e-08
3.52295688726379e-08
3.63213875458701e-08
3.51347731588665e-08
3.48920904672016e-08
3.57039897457559e-08
3.70865745954058e-08
3.62424117969672e-08
3.71962457921783e-08
3.62731002935906e-08
3.69495581376963e-08
3.77369920552167e-08
3.78644380386837e-08
3.74091595554345e-08
3.76830682332072e-08
3.78599946110193e-08
3.7958975102064e-08
4.04900893629125e-08
3.86452529537554e-08
3.93321665605194e-08
4.00058235842952e-08
3.44592920147373e-08
3.54989279773197e-08
3.63097075988089e-08
3.49561398307864e-08
3.43333384305227e-08
3.46570120580818e-08
3.43223462631004e-08
3.40722435092033e-08
3.45740941486945e-08
3.50820799797934e-08
3.56858529270149e-08
3.53710220431799e-08
3.48333507834805e-08
3.44184914365775e-08
3.38360912207122e-08
3.28820530654133e-08
3.60451726921883e-08
3.66604790004389e-08
3.75936968897951e-08
3.62559819840932e-08
3.66950842818735e-08
3.72627396164539e-08
3.81941915646728e-08
3.78250929349276e-08
3.8492701499895e-08
3.74279437241391e-08
3.81320313808476e-08
3.87133272781919e-08
3.96014182436389e-08
3.91546007576664e-08
3.8947024998333e-08
3.88467909783623e-08
4.1460535492916e-08
3.97711911958639e-08
3.90970219909671e-08
3.96086390915251e-08
4.0974992491412e-08
3.9786669990106e-08
4.04900893629125e-08
4.22270510922925e-08
3.62090942299159e-08
3.69741463263874e-08
3.61812417960922e-08
3.557132334266e-08
3.52503886975825e-08
3.52609184219255e-08
3.64385240672458e-08
3.57437217927899e-08
3.63134557659677e-08
3.66111429420694e-08
3.58301625061031e-08
3.56508428907398e-08
3.51936778068354e-08
3.44004203018543e-08
3.76550617196322e-08
3.78816088201027e-08
3.89284614445628e-08
3.76722615676256e-08
3.84500834298693e-08
3.91702945611048e-08
3.8973874328568e-08
3.95655512992411e-08
3.98303638500454e-08
3.8395453605e-08
3.85724719403942e-08
3.93167087816208e-08
4.0261626028699e-08
4.11198334783872e-08
4.06842989375826e-08
4.06753259013713e-08
4.00961988742768e-08
4.04163325013627e-08
4.08950635014532e-08
4.34578992074464e-08
4.09633877213068e-08
4.13305062274429e-08
4.21242295347724e-08
4.18271129616494e-08
4.39650479256013e-08
3.67015327506112e-08
3.75314593562597e-08
3.94495952560765e-08
4.04768634619596e-08
3.65236540380615e-08
3.77954250441578e-08
3.74466946802286e-08
3.75552111845225e-08
3.6806402868901e-08
3.76045422619464e-08
3.78139902969507e-08
3.77024254347552e-08
3.70198685205228e-08
3.60188637276012e-08
4.0218824958973e-08
3.88381787366652e-08
3.96296545956382e-08
3.92631728093768e-08
3.97065274727711e-08
4.07328762803857e-08
4.11587593882547e-08
4.11813879427923e-08
3.99709309637629e-08
4.05669425560069e-08
4.05655143029495e-08
4.21898453999189e-08
4.18818393229359e-08
4.22174643627481e-08
4.55345091776178e-08
4.34444946291916e-08
4.22748569084817e-08
4.16867421693652e-08
4.19573772392822e-08
4.27583715162783e-08
4.32410249737106e-08
4.50255725227442e-08
4.31311800283149e-08
4.34024162737886e-08
4.49452720599007e-08
4.41233622626081e-08
3.83196692567327e-08
3.94501537168491e-08
4.15239143316886e-08
4.0481721220719e-08
3.81230321739236e-08
3.88665245017815e-08
3.83616197209455e-08
3.86217770481881e-08
3.87426639324725e-08
3.92115049564158e-08
3.9483293728047e-08
4.0606196391105e-08
3.86228210327459e-08
3.77369920552167e-08
4.09465518216599e-08
4.15970445286316e-08
4.08283092865491e-08
4.07569469528953e-08
4.0674274309206e-08
4.22943460233666e-08
4.26553625979118e-08
4.30745409244111e-08
4.20829163270143e-08
4.16991591461143e-08
4.19735875437358e-08
4.31810127981429e-08
4.39230016843635e-08
4.33602072829119e-08
4.38983487824404e-08
4.60554124751081e-08
4.65770217839695e-08
4.76405566064774e-08
4.50897876591512e-08
4.38689011069527e-08
4.37069432551416e-08
4.42892036029194e-08
4.46810612304735e-08
4.60280717032697e-08
4.48644825795168e-08
4.62039106761123e-08
4.57104651512953e-08
4.36059522401728e-08
3.99075854407042e-08
4.17196108911876e-08
3.91729332336081e-08
4.04723629253532e-08
3.9582710840797e-08
4.01921369677495e-08
4.10466295750213e-08
3.99327006039151e-08
4.09086656839607e-08
3.96895933681089e-08
4.1565179391759e-08
3.9531535479676e-08
4.21523051342102e-08
4.31846988411717e-08
4.24361626307298e-08
4.22525507647744e-08
4.36905770271686e-08
4.42589423350331e-08
4.4786016133414e-08
4.52607632384996e-08
4.36147452502157e-08
4.31613378266961e-08
4.48806942181441e-08
4.52455995307702e-08
4.50874349742395e-08
4.55204511749027e-08
4.64678483001018e-08
4.97794624603535e-08
4.76860745224351e-08
4.92088846855079e-08
4.62572355686192e-08
4.52397958382192e-08
4.59696197939388e-08
4.76405566064774e-08
4.70355663725192e-08
4.7132303937409e-08
4.77663166521991e-08
4.4943520552089e-08
4.33954426740403e-08
4.17646835434061e-08
4.0502174688861e-08
4.16955784319023e-08
4.11081840121109e-08
4.18061074514874e-08
4.2725286276549e-08
4.17927539658124e-08
4.29053064157974e-08
4.28505426049439e-08
4.1460535492916e-08
4.44238259806477e-08
4.37334728074614e-08
4.40619345039909e-08
4.49651648039168e-08
4.60077802509774e-08
4.52877499963926e-08
4.56107198153418e-08
4.66634286990627e-08
4.62271573658357e-08
4.69745731063786e-08
4.6334252348241e-08
4.70462281385815e-08
4.62934064955015e-08
4.45952554073749e-08
4.5616932798095e-08
5.19679993277646e-08
5.41943564604121e-08
4.69267338657084e-08
4.67442687442365e-08
4.70075367680244e-08
4.80621481836146e-08
5.14265719340233e-08
4.90645263328463e-08
5.01977251536078e-08
4.74561541995996e-08
4.80359359473473e-08
4.86755636936804e-08
4.86369775065192e-08
4.92566232883441e-08
4.51506317911771e-08
4.42058355757492e-08
4.36323627028756e-08
4.23812572257622e-08
4.25034648573927e-08
4.34436305762776e-08
4.42573093546976e-08
4.40099460958678e-08
4.46239284406577e-08
4.45202115525702e-08
4.34578992074464e-08
4.69733920283101e-08
4.84975719976362e-08
4.66212346854904e-08
4.59265803284914e-08
4.72613388978238e-08
4.79065927172254e-08
4.70183226623619e-08
4.79328223306704e-08
4.83382180117533e-08
4.79219925964332e-08
4.76562735179975e-08
4.85560237067691e-08
4.77307467723086e-08
4.66374064288071e-08
4.8140274657266e-08
5.53604029444122e-08
5.30713328507288e-08
5.47640385336809e-08
4.82378267819255e-08
4.89890525793236e-08
5.00858417741014e-08
5.27519564185645e-08
5.07400405559363e-08
5.2075415027142e-08
4.9496582023493e-08
4.92799253393213e-08
4.98757758403528e-08
5.06952205354427e-08
5.05606758076886e-08
5.06740100333966e-08
4.67000327884311e-08
4.5542313909447e-08
4.51351042258787e-08
4.5014197471778e-08
4.47072098910875e-08
4.5568897663273e-08
4.55009627805388e-08
4.60324028194955e-08
4.65770217839695e-08
4.60554124751081e-08
4.55345091776178e-08
4.82675296812036e-08
4.80358701784723e-08
4.97794624603535e-08
5.01562650300694e-08
4.76968868139251e-08
4.92337489030609e-08
4.96018362803156e-08
4.88943073006512e-08
4.99219983510933e-08
5.13703320484483e-08
4.94491403628518e-08
4.9465979784648e-08
4.90225414824222e-08
5.0070405539282e-08
4.98765408697097e-08
4.90654330780242e-08
5.65893861322925e-08
5.59738276533253e-08
5.51955357821609e-08
5.19538868321373e-08
5.01921827281574e-08
5.14627522256996e-08
5.39104455866294e-08
5.24548940484846e-08
5.08151654992239e-08
5.21807562497517e-08
5.21249645598294e-08
5.26691325050269e-08
4.67761070496543e-08
4.64078173825114e-08
4.73275687590151e-08
4.71098209319661e-08
4.92308257941188e-08
4.88437757359178e-08
4.74526539920897e-08
4.79683631037073e-08
4.71076581294339e-08
4.65770217839695e-08
5.02036018244708e-08
5.07736171844631e-08
5.099829998706e-08
5.13875823968468e-08
5.17876540492233e-08
5.01570590056199e-08
5.14138004984724e-08
5.09279718096344e-08
5.18694884833694e-08
5.29042137465966e-08
5.13539928361896e-08
5.13600064067035e-08
5.12280670692142e-08
5.17176894739277e-08
5.19670520867604e-08
5.78231456904254e-08
5.91009253023841e-08
5.75607055931182e-08
5.58666464084517e-08
5.34552377503906e-08
5.2757590011208e-08
5.14906671773586e-08
5.42866696622649e-08
5.33735250635867e-08
5.62573889930098e-08
5.41585092199632e-08
5.42449139500593e-08
4.81264614320538e-08
4.97123141049296e-08
4.86984931717238e-08
4.85903185942441e-08
5.06418050084896e-08
4.90010201954805e-08
4.87085411266868e-08
4.76405566064774e-08
5.23293972141684e-08
5.25008434744495e-08
5.29951316519344e-08
5.39704259601316e-08
5.24956354029649e-08
5.27734064735257e-08
5.31503557459638e-08
5.31547807632639e-08
5.44925792281659e-08
5.30096769901097e-08
5.37490998316491e-08
5.27915265055032e-08
5.30994056399625e-08
5.32263309413318e-08
5.97938009390617e-08
6.04897304205239e-08
6.19161276716921e-08
6.06628570149279e-08
5.9299312746795e-08
5.78100076728838e-08
5.85084383509517e-08
5.50549792234686e-08
5.41651661738129e-08
5.40562785389689e-08
5.56774697189518e-08
5.73881393035445e-08
5.92035685264785e-08
5.57790571066339e-08
5.59064851276487e-08
5.68729686033354e-08
4.97542850889698e-08
5.11397931322697e-08
5.05950356763584e-08
4.98061222393149e-08
5.25470115256579e-08
5.37113644594083e-08
5.04433226238998e-08
5.19679993277646e-08
4.97794624603535e-08
6.33768417120102e-08
5.38836787894671e-08
5.40311825616933e-08
5.53181271698224e-08
5.54128690716735e-08
5.47263996293818e-08
5.41946505685693e-08
5.41266525025361e-08
5.46571120150575e-08
5.55984841676962e-08
5.6288741792044e-08
5.65585595903522e-08
5.60564614927685e-08
5.43139666373946e-08
5.54309066451205e-08
5.42591555683293e-08
5.5000946472644e-08
5.46879361783879e-08
6.22441016932453e-08
6.13275578879162e-08
6.01455579613886e-08
6.0721543687543e-08
5.56967391753777e-08
5.67636688872084e-08
5.65758462043414e-08
5.7892855467378e-08
6.08264181914862e-08
5.89624628364221e-08
5.85439837444862e-08
5.16054944201726e-08
5.28955379284589e-08
5.19787255048471e-08
5.24020818890743e-08
5.46671040983995e-08
5.47741644097724e-08
5.65665166243439e-08
5.37930237709648e-08
5.30823010627463e-08
5.19679993277646e-08
6.41207057899632e-08
6.48663207834635e-08
6.79183804730457e-08
5.61106938925963e-08
5.57284468467704e-08
5.74843500903924e-08
5.77533971978825e-08
5.60378187399841e-08
5.55877147460717e-08
5.67333053536822e-08
5.86371032752036e-08
5.91705749788014e-08
5.83251441399363e-08
5.74238068313131e-08
5.78687946365672e-08
5.66144470361154e-08
5.71595321661874e-08
5.61536739713189e-08
5.66618584484615e-08
6.38156884209097e-08
6.40023330784423e-08
6.2956611480481e-08
6.23633979511413e-08
5.76464639026049e-08
5.85684612701833e-08
5.83954827417966e-08
5.99794274074592e-08
6.05120593488659e-08
6.28165446931446e-08
5.99376683619329e-08
6.02487364701962e-08
5.3903220016735e-08
5.36519362484669e-08
5.5890400504191e-08
5.85419877133576e-08
5.66595785420541e-08
5.82385070251756e-08
5.53604029444122e-08
5.53604029444122e-08
5.41943564604121e-08
6.63769352651752e-08
6.8691641690467e-08
6.94743723655632e-08
7.10489067749574e-08
5.82814433886788e-08
5.91978264090467e-08
6.26400979951086e-08
5.99776522901899e-08
5.78725643990248e-08
5.9264898023321e-08
6.09415336884402e-08
6.05135441590088e-08
5.91915650117052e-08
5.95941250651562e-08
5.93151972540345e-08
5.99352598176547e-08
5.8504560348869e-08
5.79889375139061e-08
5.80228015281613e-08
6.67907138461341e-08
6.48076097977973e-08
6.63346527598015e-08
6.43724258268695e-08
6.47853281150532e-08
6.06480328377578e-08
6.14836256559464e-08
6.33247263149194e-08
6.16334196329829e-08
6.42799193367138e-08
6.25053667546898e-08
6.22190206824562e-08
5.51186641882425e-08
5.74043077024507e-08
6.02859355856754e-08
6.00444318207228e-08
5.87878598018053e-08
5.69522895064177e-08
5.75338356150583e-08
5.78231456904254e-08
5.65893861322925e-08
6.87795795117483e-08
7.02610130066818e-08
7.42131340029872e-08
7.26284777726785e-08
6.10090451800747e-08
6.11030072456373e-08
6.53183181180893e-08
6.54817642912132e-08
6.31172580924945e-08
6.00679235299091e-08
6.09462255772408e-08
6.2937474106438e-08
6.22923674696506e-08
6.28195864034321e-08
6.10774812804361e-08
6.12253098540277e-08
6.2219425979319e-08
6.04604880788291e-08
6.07459789525547e-08
6.0155399665342e-08
6.24674520289303e-08
6.23842138282809e-08
7.05502917598431e-08
6.83105434615754e-08
6.65245152909991e-08
6.62604509316833e-08
6.65539686555406e-08
6.35825488111955e-08
6.61767608094237e-08
6.52709774419951e-08
6.4297194289118e-08
5.77725582535512e-08
5.96174939341737e-08
6.20107599142777e-08
6.31081613979799e-08
6.1995140087935e-08
6.14934111862197e-08
5.91546593875595e-08
5.99040279044839e-08
5.91009253023841e-08
7.10809317121536e-08
7.58029248982474e-08
7.48880063278467e-08
7.33214990250226e-08
6.29670602915104e-08
6.30444378159705e-08
6.6605415109645e-08
6.76359254276781e-08
6.71560144954063e-08
6.50499609921953e-08
6.17223617901845e-08
6.48822503869571e-08
6.44481824232091e-08
6.2962839037567e-08
6.3274523017506e-08
6.35078397406866e-08
6.40803672155342e-08
6.30852657631289e-08
6.45066310901955e-08
6.48652905881993e-08
7.23423494661642e-08
7.08048675535905e-08
6.93703360792346e-08
6.82092440552108e-08
6.8092202276055e-08
6.6741414330607e-08
6.7780031148835e-08
6.6721615159624e-08
6.86777742785897e-08
6.02998117630058e-08
6.1465405810811e-08
6.33868901723635e-08
6.42977705391156e-08
6.49541023507744e-08
6.39603099941165e-08
6.18377452283983e-08
6.24476408682647e-08
6.05582823358276e-08
7.38404144870807e-08
7.74020291083093e-08
7.65997615127623e-08
7.58029248982474e-08
7.70761592232441e-08
7.8698301869417e-08
6.47866923512794e-08
6.59218542260715e-08
6.72011273970552e-08
6.88306105777649e-08
6.9105965920273e-08
7.03094369287451e-08
6.74856468905388e-08
6.68215357587214e-08
6.45989767528616e-08
6.59416842802607e-08
6.6230050255252e-08
6.94778125100922e-08
6.57706197598419e-08
6.54008525888047e-08
6.62130004599783e-08
6.64619618039567e-08
6.66993909634088e-08
6.68381993024964e-08
7.25529875031008e-08
7.4159957177979e-08
7.08836459621098e-08
7.05179699144488e-08
6.98932277568955e-08
6.98957721701144e-08
7.11104106906027e-08
6.31618728898614e-08
6.53453252931265e-08
6.61408031353941e-08
6.74546797226175e-08
6.61294151475072e-08
6.39277503418961e-08
6.46733890897028e-08
6.205789488865e-08
7.74683423788843e-08
8.06991781165832e-08
7.89292641510339e-08
8.11114172231879e-08
6.7930756701036e-08
6.82402703079991e-08
6.93863681823543e-08
6.98426026318103e-08
7.12993321476439e-08
7.22701866068613e-08
7.17296626901393e-08
6.87429516352399e-08
6.75696231462049e-08
6.8434587022137e-08
7.22789690196638e-08
7.11053133496907e-08
6.78937684098844e-08
6.82554949420512e-08
6.92406624332364e-08
6.85629472627e-08
6.96085356740051e-08
7.30513497799972e-08
7.52482701818049e-08
7.61108244354986e-08
7.29090103031225e-08
7.22944954760175e-08
7.31186610104651e-08
7.33363874012792e-08
6.67319689738895e-08
6.73440004022375e-08
6.87100870786258e-08
7.09659417177589e-08
6.86026587557038e-08
6.74148111351538e-08
6.67546874499619e-08
6.51601775318503e-08
7.83977532483231e-08
7.98915784092994e-08
8.409333877227e-08
8.33198931286775e-08
8.10959946766423e-08
7.02660806119348e-08
7.11131816969933e-08
7.0980260456968e-08
7.18263865849652e-08
7.29374664307105e-08
7.42132944025082e-08
7.35399823385691e-08
7.41121837429282e-08
7.49146700954957e-08
7.11555167076065e-08
7.09843810841515e-08
7.10489067749574e-08
7.45052711253777e-08
7.00029996063019e-08
7.05009186314635e-08
7.25736319013285e-08
7.08823686439947e-08
7.29049935130514e-08
7.21164066057686e-08
7.54676533011436e-08
7.80022541877263e-08
7.45518352893959e-08
7.67621541034138e-08
7.67877064591287e-08
7.53425149529717e-08
7.58491460883811e-08
7.68959297411708e-08
7.31724480642958e-08
6.87746940155684e-08
6.97988426760705e-08
7.20448315665963e-08
6.91912831181161e-08
6.83748661818179e-08
8.00289410260191e-08
8.11785361770273e-08
8.12373251219016e-08
8.2371413184624e-08
8.66113643495585e-08
8.48282587189841e-08
8.40172878276028e-08
7.23193399592945e-08
7.37977296576794e-08
7.60599686332252e-08
7.44628874610313e-08
7.50337196317214e-08
7.65788836044796e-08
7.66608045820644e-08
7.65508558046666e-08
7.32341221289766e-08
7.33190437859236e-08
7.58204510902845e-08
7.27359730331365e-08
7.44702013109105e-08
7.49696566224308e-08
7.46816093463228e-08
7.38492568618943e-08
7.42245755488096e-08
7.85486830812531e-08
7.80145201498263e-08
7.85507701982992e-08
8.09116165038931e-08
7.85874021385152e-08
7.91428491584312e-08
7.5509799418147e-08
7.10170167522539e-08
7.09095374541217e-08
7.22620235597004e-08
7.59987906871417e-08
7.47188338955407e-08
7.20184124762812e-08
7.00161950650617e-08
8.2366091293031e-08
8.31599996626946e-08
8.51105844910934e-08
8.91623007727835e-08
8.78363266483547e-08
8.64986520066293e-08
7.80359849445751e-08
7.5535108729838e-08
7.80569158066833e-08
7.71011215217347e-08
7.78360214287059e-08
7.92208396763672e-08
8.03369539704988e-08
7.90146360000224e-08
7.7887990558693e-08
7.58824747418666e-08
7.80860023152906e-08
7.55430040342231e-08
7.64546237834997e-08
7.68847692787641e-08
7.65447868655849e-08
7.64819141056775e-08
8.06228103533975e-08
8.02927669711676e-08
8.29639846522218e-08
8.23364470095705e-08
8.15257222391394e-08
8.14348060353901e-08
7.8682859488751e-08
7.78622248282863e-08
7.3536850513172e-08
7.44745696087609e-08
7.65125538655404e-08
7.39859106270329e-08
7.16701582339056e-08
8.44347275969241e-08
8.57806430993532e-08
8.55074308113359e-08
8.75975740660361e-08
8.97867774133467e-08
9.17541326632781e-08
8.94975864962948e-08
8.01304372567982e-08
8.07431879096465e-08
7.8752132703705e-08
8.07188620397109e-08
8.07437184270877e-08
8.00807486296368e-08
8.28285839168713e-08
8.23417790774378e-08
8.09263411080763e-08
8.19677299719321e-08
8.0012116103373e-08
8.01951774296005e-08
7.83911252273198e-08
7.8016787516646e-08
7.87531154058538e-08
7.89855641360457e-08
8.24307222056511e-08
8.31868212435061e-08
8.60355253902153e-08
8.45008407597525e-08
8.49849442150863e-08
8.36945751706417e-08
8.04680613069344e-08
8.26315631004935e-08
7.95531718214077e-08
7.53787876163405e-08
7.64101485230896e-08
7.58295391305951e-08
7.49948375777073e-08
8.73803853348971e-08
8.85980621460989e-08
8.9392897362348e-08
9.01404999885289e-08
9.07330618122936e-08
9.16358372602028e-08
9.44040852148884e-08
9.29186841747018e-08
9.70731262698989e-08
9.24063065639056e-08
8.35648691509953e-08
8.19938362961621e-08
8.24335566020263e-08
8.47728886475365e-08
8.46822140708607e-08
8.46116865603322e-08
8.5710077253511e-08
8.40033185681718e-08
8.61545059904714e-08
8.33156672508622e-08
8.24286720328043e-08
8.51786644563607e-08
8.26005490897773e-08
8.15609176974747e-08
8.26367940952072e-08
8.06916218157264e-08
8.15489344026688e-08
8.27613695099517e-08
8.55169398779458e-08
8.66260291386636e-08
8.60955725204053e-08
8.58513551564551e-08
8.73567446678631e-08
8.81597042324008e-08
9.08352643815393e-08
8.70639956467304e-08
8.74098381687856e-08
8.26463354915859e-08
8.49756789016379e-08
8.01664894281115e-08
8.22293274127457e-08
7.82535072068518e-08
7.71201658593246e-08
7.66656678442325e-08
9.0384008591239e-08
9.12162510104891e-08
9.2007876324553e-08
9.2929768080672e-08
9.57369018008023e-08
9.50710157401537e-08
9.84127848975153e-08
9.97559042983798e-08
9.51302326787393e-08
8.6880786911964e-08
8.57208321547011e-08
8.66806241809563e-08
8.69784456025529e-08
8.68287995128892e-08
8.80918524376881e-08
8.87693343012875e-08
8.8273738868005e-08
8.59895136814599e-08
8.48632214775039e-08
8.73795617911177e-08
8.40965911585095e-08
8.41019695938567e-08
8.29260419536363e-08
8.49242904430591e-08
8.66708096508106e-08
8.64505264787303e-08
8.82240877104567e-08
8.8604337310924e-08
8.88969883632746e-08
9.04898542144302e-08
9.32562486177603e-08
9.27091179188116e-08
8.92621133642648e-08
9.06450123391092e-08
9.07897748731729e-08
8.98851066573466e-08
8.85286111544045e-08
8.64517727326283e-08
8.41136212427141e-08
8.14205316439518e-08
8.35644940520829e-08
8.00963746991051e-08
7.83672763399465e-08
9.33885545658469e-08
9.55449397418031e-08
9.71241174731492e-08
9.53959010250978e-08
9.54625316309811e-08
9.84228042532875e-08
1.01083321651791e-07
1.02456472356294e-07
1.05204340670536e-07
9.96583147106109e-08
9.95547678538206e-08
8.89533079108932e-08
8.85071365933103e-08
8.90926770276706e-08
9.01269987759634e-08
9.09420242233229e-08
9.09911763580359e-08
9.08958781303147e-08
8.94134081027955e-08
8.84986806155943e-08
8.79282114484146e-08
8.67192272476414e-08
8.91316602575591e-08
9.00084611212591e-08
9.08584669217961e-08
9.10205709692265e-08
9.16012064682196e-08
9.36693216092205e-08
9.21134249837551e-08
9.57201609340664e-08
9.50358398298149e-08
9.26958414044941e-08
9.43431587392875e-08
9.25456237872336e-08
9.09961075657258e-08
8.966923362683e-08
8.64522360458473e-08
8.28894927149278e-08
8.54376027670437e-08
8.18546095968785e-08
9.67064312118314e-08
9.82702823420206e-08
9.82136846956668e-08
9.76326727107607e-08
1.08013659897015e-07
1.03040188479578e-07
1.06599196347489e-07
1.03139056933599e-07
1.0187595966412e-07
1.0106835906952e-07
9.13134022209909e-08
9.07124357363254e-08
9.1697186947006e-08
9.33683388550882e-08
9.37044819862632e-08
9.40396109389463e-08
9.36562411759632e-08
9.33003954036345e-08
9.11313955968499e-08
9.02237749470163e-08
9.21160725859247e-08
9.24614722237791e-08
9.31921834552774e-08
9.47461454284482e-08
9.44179845940242e-08
9.63510828308712e-08
9.64711269845954e-08
9.93536121827039e-08
9.7485291763944e-08
9.56499774252755e-08
9.58830747060691e-08
9.74894823903846e-08
9.64021146835289e-08
9.49624630312738e-08
9.35043955409416e-08
9.196538213406e-08
8.99548659727454e-08
8.80624183712441e-08
8.54583881374961e-08
9.96771227406641e-08
1.01066634802148e-07
1.02036734477398e-07
1.01405933487764e-07
1.01790008950191e-07
1.09115476868794e-07
1.10889937472094e-07
1.07329183363782e-07
1.04574886274859e-07
1.03534582343571e-07
1.03342081715774e-07
9.433874308913e-08
9.34599998240222e-08
9.64153018561507e-08
9.58597618617554e-08
9.63202224995238e-08
9.66584184202755e-08
9.55364536786796e-08
9.7275985556916e-08
9.49785141350542e-08
9.4422232082745e-08
9.46179982662265e-08
9.50724031357309e-08
9.69296296481671e-08
9.750330428951e-08
9.83993144841615e-08
9.96169670427887e-08
9.8939191617595e-08
1.00129369349561e-07
1.0056909679293e-07
1.0116093722807e-07
9.8661490035519e-08
9.89001529945821e-08
9.75227274308522e-08
9.59670022205086e-08
9.46546845496298e-08
9.29968166834445e-08
9.0723262505169e-08
8.91343431607837e-08
1.03805597134544e-07
1.13782470551775e-07
1.03470269042857e-07
1.04740007924679e-07
1.05051646955626e-07
1.05742027606897e-07
1.1140411264514e-07
1.07841170506797e-07
1.10291795118733e-07
1.07333249867172e-07
9.69785712524418e-08
9.91587901151966e-08
9.85437026027099e-08
9.95184736394735e-08
9.862406375462e-08
1.00296904701374e-07
9.71621748444771e-08
9.70960771737039e-08
9.76078180471191e-08
9.95159870586283e-08
1.00016060155655e-07
9.9968446958825e-08
1.01674198707913e-07
1.01792478758495e-07
1.02686237641881e-07
1.02102305225047e-07
1.05556542510547e-07
1.01711618720372e-07
1.03130242799191e-07
1.03536774827045e-07
1.01227629754011e-07
1.01191341095192e-07
1.00662168065159e-07
9.85487532870019e-08
9.69177133614308e-08
9.54168869475917e-08
9.29034515410902e-08
1.16690870873269e-07
1.06955788866508e-07
1.08424543751909e-07
1.15234670975984e-07
1.0735244230097e-07
1.08232148898116e-07
1.08541418445386e-07
1.13490830801034e-07
1.09888133860486e-07
1.12248591679179e-07
1.10601243435343e-07
1.00346150118282e-07
1.0204742728127e-07
1.01553081006842e-07
1.01196826942787e-07
1.02777287802822e-07
1.02978858973612e-07
1.01393475512034e-07
1.03837038811744e-07
1.01865380313333e-07
1.01880819635574e-07
1.03505179694097e-07
1.04645082557939e-07
1.08697647250724e-07
1.05832713973205e-07
1.08325251423182e-07
1.05266510732402e-07
1.0542481334284e-07
1.04641116109942e-07
1.03278852890021e-07
1.0286721225997e-07
1.00889598201695e-07
9.96653030501475e-08
9.80648306938883e-08
9.6757254740039e-08
1.17779338505456e-07
1.1963132066223e-07
1.10839462973371e-07
1.10239954729332e-07
1.11151604809133e-07
1.18143343660661e-07
1.11390109970626e-07
1.12560574560723e-07
1.15687108312565e-07
1.12686950766727e-07
1.13169021160023e-07
1.03134866430969e-07
1.04765663441642e-07
1.04296615032668e-07
1.0404748245229e-07
1.04920445014882e-07
1.05577686110121e-07
1.0736620305217e-07
1.07687964568985e-07
1.06720486050048e-07
1.053317392982e-07
1.05057334807852e-07
1.06089323410405e-07
1.06547444761474e-07
1.08225078730293e-07
1.08203682701737e-07
1.11322972224745e-07
1.10547492955351e-07
1.08451653107967e-07
1.07969316840065e-07
1.09681658064081e-07
1.05299607878121e-07
1.06549896455002e-07
1.09427623868381e-07
1.04330294060143e-07
1.02404244709745e-07
1.0142531369727e-07
1.0063974553528e-07
1.20005893213613e-07
1.22642277188711e-07
1.20754886280221e-07
1.13118932386711e-07
1.1397212097295e-07
1.14905429451737e-07
1.18909842945815e-07
1.14835748580645e-07
1.15083317905745e-07
1.16747460512094e-07
1.17198336093365e-07
1.07384538460342e-07
1.06621619746744e-07
1.06244278042325e-07
1.08391067106462e-07
1.07397984786977e-07
1.09930584490769e-07
1.10059605522287e-07
1.11820324604778e-07
1.08104711958594e-07
1.08364833228577e-07
1.09701516329535e-07
1.10714421522128e-07
1.10607855915781e-07
1.12432847616599e-07
1.11308937838127e-07
1.13954193359763e-07
1.13241594708278e-07
1.11487679727967e-07
1.12084659890625e-07
1.1133343459782e-07
1.17381383002861e-07
1.17829931090256e-07
1.12178834759063e-07
1.07550908997322e-07
1.09642031238941e-07
1.06437042442245e-07
1.04425923252836e-07
1.04581649778016e-07
1.25670312722451e-07
1.22751849149372e-07
1.24584305126167e-07
1.22151982073336e-07
1.23467695499035e-07
1.1605360894352e-07
1.17510287706824e-07
1.17358974720587e-07
1.1747393163227e-07
1.21405395184319e-07
1.17786234438768e-07
1.19714346236502e-07
1.23696244081455e-07
1.12640986561758e-07
1.10769731709455e-07
1.10170214261422e-07
1.11614015528329e-07
1.13053026875988e-07
1.14405320116596e-07
1.1492071426673e-07
1.11387857189934e-07
1.13448078314246e-07
1.13724794923217e-07
1.154901817943e-07
1.14025917541334e-07
1.14149143086509e-07
1.15580164707425e-07
1.14564639204961e-07
1.13694108657316e-07
1.14107274456324e-07
1.18422155470567e-07
1.20734865148118e-07
1.20973088691657e-07
1.14735169439811e-07
1.128849677741e-07
1.08907449551485e-07
1.07755767933535e-07
1.06593386065864e-07
1.28715721234258e-07
1.27563687294916e-07
1.25823376634007e-07
1.2574755047573e-07
1.26223986336459e-07
1.19049533170718e-07
1.20547257098909e-07
1.21275349997044e-07
1.209394253042e-07
1.23809099004417e-07
1.21172809114582e-07
1.26351614223355e-07
1.17240947825828e-07
1.15209443602202e-07
1.14150608744683e-07
1.13853683181288e-07
1.16343781726314e-07
1.17861154648868e-07
1.16150050040929e-07
1.17047904592301e-07
1.17455754678002e-07
1.17225348564372e-07
1.1753917882328e-07
1.16673086238314e-07
1.18521333673892e-07
1.17213611421844e-07
1.19215983569781e-07
1.21256700404302e-07
1.23475832802563e-07
1.23809965412011e-07
1.24489620401904e-07
1.17758974631036e-07
1.16434118837133e-07
1.15174554460107e-07
1.12659921737836e-07
1.11051336967813e-07
1.08647828509608e-07
1.31778805226223e-07
1.31512649393503e-07
1.29487739200098e-07
1.28352531038293e-07
1.28906893683869e-07
1.3107237655155e-07
1.22781432221118e-07
1.2602637477536e-07
1.23227393594083e-07
1.25854154850203e-07
1.24543387795421e-07
1.28501089628742e-07
1.20022153423642e-07
1.19368517706284e-07
1.17078397588312e-07
1.17285958223455e-07
1.19802141766608e-07
1.20260233738346e-07
1.20209131636653e-07
1.20014778113732e-07
1.23542549020081e-07
1.20990780886801e-07
1.19904321608475e-07
1.19803835600305e-07
1.2183941317121e-07
1.1939153488708e-07
1.21413833513669e-07
1.21684564185573e-07
1.22314042514505e-07
1.24746528138298e-07
1.26294691870651e-07
1.2756437246118e-07
1.27863304145426e-07
1.27953754086774e-07
1.22879420456848e-07
1.21639384345073e-07
1.19306180722251e-07
1.18452984716952e-07
1.15922739725255e-07
1.14044135357834e-07
1.12819013194813e-07
1.34863426778124e-07
1.35624415589572e-07
1.33965275101803e-07
1.31064724863614e-07
1.32237566397626e-07
1.33788263900896e-07
1.28858881510571e-07
1.27411132198686e-07
1.28278143742357e-07
1.30653270203333e-07
1.3171975820638e-07
1.22529095721439e-07
1.21799692091077e-07
1.2268746349562e-07
1.22980593540215e-07
1.24203114737576e-07
1.26073039506657e-07
1.2415784602428e-07
1.23607633485702e-07
1.22453518691481e-07
1.24538232555605e-07
1.22768439419739e-07
1.24626750021412e-07
1.24534767343018e-07
1.27465659391429e-07
1.29281921938623e-07
1.30639964395116e-07
1.31580932065384e-07
1.30247072600721e-07
1.31770624343962e-07
1.25292987005007e-07
1.24633738581571e-07
1.23990645708134e-07
1.20889624833439e-07
1.23321522824495e-07
1.18943448506583e-07
1.1702321432856e-07
1.37998844417233e-07
1.38143273531172e-07
1.36366674727774e-07
1.35032411469861e-07
1.34766362098638e-07
1.36850806864593e-07
1.32630208748308e-07
1.31944890218243e-07
1.34195683660553e-07
1.36456842654297e-07
1.25441585038297e-07
1.26218069216978e-07
1.25400723200475e-07
1.26884400245646e-07
1.28607153027639e-07
1.26678944417627e-07
1.2644311096033e-07
1.26983740830205e-07
1.27159817725753e-07
1.26286670404119e-07
1.27524101761018e-07
1.30281654697348e-07
1.33525897545872e-07
1.33094476279436e-07
1.32344779995402e-07
1.3473008473566e-07
1.33001379741489e-07
1.37354152573537e-07
1.33749802392543e-07
1.34665111598154e-07
1.2815841534166e-07
1.26895820247445e-07
1.26770505984294e-07
1.25988960740132e-07
1.2288388768241e-07
1.20907825378176e-07
1.41153116550748e-07
1.41823366187182e-07
1.3897562889775e-07
1.44345215236255e-07
1.40348517917428e-07
1.39221555908366e-07
1.3971743245744e-07
1.39088844359177e-07
1.35495267979723e-07
1.37747738945046e-07
1.41011261918228e-07
1.29457274708559e-07
1.28599505499622e-07
1.28339187214175e-07
1.29591998535871e-07
1.3118287963e-07
1.29063363638055e-07
1.30853148304661e-07
1.3012631499917e-07
1.29766925671281e-07
1.29778446594014e-07
1.3118180648497e-07
1.34497435729054e-07
1.32598499436874e-07
1.35720122145086e-07
1.34891238798566e-07
1.34489046918765e-07
1.38048875136443e-07
1.35732736863369e-07
1.39965747349027e-07
1.37114782794411e-07
1.37346660739491e-07
1.29641769075933e-07
1.31450925986795e-07
1.29310439874105e-07
1.28730700788388e-07
1.31297798495344e-07
1.28620555961089e-07
1.25961296350706e-07
1.2486729516585e-07
1.44445023599374e-07
1.43941178292e-07
1.47574941253721e-07
1.44591487481465e-07
1.42484828007997e-07
1.43243924899959e-07
1.43848052979028e-07
1.4094932515949e-07
1.39062024366939e-07
1.43687304472676e-07
1.32450823285646e-07
1.32691039250566e-07
1.33118766701604e-07
1.31255281219857e-07
1.338395866494e-07
1.33392522244948e-07
1.32085330819433e-07
1.34522723539939e-07
1.33217615389961e-07
1.38013982888658e-07
1.34023933051312e-07
1.37116312236441e-07
1.35740792068391e-07
1.38254371634573e-07
1.3924682049767e-07
1.40883265889226e-07
1.40059201834308e-07
1.42525359266549e-07
1.41270664264521e-07
1.42458509156441e-07
1.33041660478532e-07
1.35713075785376e-07
1.33968815796213e-07
1.34032378241823e-07
1.32382114410958e-07
1.30862421736036e-07
1.28856477314755e-07
1.4868348254314e-07
1.46639357887498e-07
1.50824815867558e-07
1.48109991600374e-07
1.45854130652799e-07
1.4685656370363e-07
1.46311271136313e-07
1.42964187691744e-07
1.46300798653846e-07
1.3571036680433e-07
1.3572106894512e-07
1.36341075525785e-07
1.34541753609122e-07
1.39311818233344e-07
1.36192525630866e-07
1.36353712347044e-07
1.37884871653268e-07
1.36886587497573e-07
1.40034980884638e-07
1.40529212766941e-07
1.38598942597918e-07
1.39277869058589e-07
1.41562546440639e-07
1.41993080952059e-07
1.43757626111426e-07
1.44156185550126e-07
1.44795130368537e-07
1.4475527783392e-07
1.45145706406755e-07
1.38436220268058e-07
1.36845695054895e-07
1.36449438503156e-07
1.35801908550223e-07
1.34309715048168e-07
1.36785418327473e-07
1.32876050932452e-07
1.53281004023875e-07
1.50443002213854e-07
1.51403504379978e-07
1.54095220939901e-07
1.50404704901469e-07
1.50672710142894e-07
1.48871459821629e-07
1.49521345918718e-07
1.47777206085198e-07
1.38214201153783e-07
1.38560899474947e-07
1.396016367104e-07
1.40773801111847e-07
1.41409862068367e-07
1.41292003655102e-07
1.40269891157627e-07
1.39774542713081e-07
1.40620657401111e-07
1.42497254665032e-07
1.42561691485384e-07
1.43901949147053e-07
1.42871852639185e-07
1.45198105731008e-07
1.44332732912374e-07
1.46410918922234e-07
1.46922330743186e-07
1.4761257932189e-07
1.49121200325077e-07
1.49221726347964e-07
1.40714663815201e-07
1.39410000546404e-07
1.38714827827723e-07
1.40117755651105e-07
1.39015218352606e-07
1.36954305177882e-07
1.55830846311357e-07
1.53954117185844e-07
1.54650263049867e-07
1.57386550549431e-07
1.55842179858419e-07
1.53599221121404e-07
1.52915438039832e-07
1.52562337015221e-07
1.52282972439213e-07
1.42451452257209e-07
1.45479783322526e-07
1.43752773711504e-07
1.44173892494691e-07
1.43419648842915e-07
1.4438660439369e-07
1.44462655724151e-07
1.43166858192678e-07
1.44720124910436e-07
1.45711732426758e-07
1.48947772358632e-07
1.47523009267298e-07
1.46760578465246e-07
1.4697572781404e-07
1.495867064934e-07
1.47595468735329e-07
1.48615352390599e-07
1.53643034557849e-07
1.49837533292591e-07
1.50718942206929e-07
1.51922233350898e-07
1.42793164122497e-07
1.41755948377851e-07
1.4259501013202e-07
1.41700909933514e-07
1.41084276518393e-07
1.57989416866538e-07
1.58691049994352e-07
1.58463304320613e-07
1.60720227174214e-07
1.60049682995232e-07
1.56484021332512e-07
1.5678858514338e-07
1.55107767202568e-07
1.55577570556257e-07
1.46466810741722e-07
1.49105542128771e-07
1.47064899247039e-07
1.45717695354387e-07
1.47041292263229e-07
1.4601938831092e-07
1.47332526557483e-07
1.474266679514e-07
1.47666950415182e-07
1.50391618643717e-07
1.49403234381075e-07
1.51518939200246e-07
1.52076759716262e-07
1.50131450779525e-07
1.52787837830473e-07
1.50847696428388e-07
1.52470155141557e-07
1.53482998930918e-07
1.56416159703239e-07
1.53340332086297e-07
1.54713309453386e-07
1.44958676560303e-07
1.47258190900892e-07
1.48646236682767e-07
1.44672315262286e-07
1.45283718279517e-07
1.46334432400511e-07
1.45276428884287e-07
1.62823955009069e-07
1.6409253081658e-07
1.61317680607258e-07
1.61929920973307e-07
1.62507610487949e-07
1.64121073634436e-07
1.6168975775196e-07
1.59816091456521e-07
1.58237037033562e-07
1.58150677198652e-07
1.59753529589083e-07
1.51056465450495e-07
1.49882118616793e-07
1.54159791400526e-07
1.50016048850925e-07
1.50171454769069e-07
1.51895376201108e-07
1.51069482746785e-07
1.52907648578353e-07
1.52619026692234e-07
1.54423018406055e-07
1.56035167036798e-07
1.54620944917639e-07
1.54081470751407e-07
1.55332545002498e-07
1.5561861983467e-07
1.5657300825317e-07
1.57843379012865e-07
1.57749132965047e-07
1.48257764638877e-07
1.50646045842044e-07
1.47509273015176e-07
1.50269242502068e-07
1.48456896462371e-07
1.47394583881275e-07
1.64615207109746e-07
1.65308685840713e-07
1.67487272351441e-07
1.6410964263841e-07
1.64094773618973e-07
1.66928461428596e-07
1.62335044066914e-07
1.62551683616525e-07
1.62659653985623e-07
1.61136140328872e-07
1.57282135540183e-07
1.52393729906541e-07
1.52107378162938e-07
1.5604483312813e-07
1.52599799374124e-07
1.54158293746045e-07
1.53737677637575e-07
1.5454709167515e-07
1.59124585122166e-07
1.54961647428559e-07
1.55792260898172e-07
1.58849867932791e-07
1.59335524923622e-07
1.58924890236419e-07
1.56908523939149e-07
1.56859631473236e-07
1.58749545428992e-07
1.57576330599953e-07
1.59018207512488e-07
1.58121772921285e-07
1.59676404311015e-07
1.59710050337098e-07
1.61057275229964e-07
1.52598795086825e-07
1.56646675287001e-07
1.53207982547234e-07
1.51125161688396e-07
1.49521383414025e-07
1.66481375531411e-07
1.677650871307e-07
1.66992265338908e-07
1.68607959340692e-07
1.69193198583486e-07
1.70930152326987e-07
1.66284667013149e-07
1.70111196319541e-07
1.74448472666269e-07
1.65961768836241e-07
1.65804983293739e-07
1.64026601946101e-07
1.63897989495725e-07
1.60827689721278e-07
1.5597993946718e-07
1.5934626064717e-07
1.56071152407073e-07
1.56789218760078e-07
1.58603699703486e-07
1.57678775742402e-07
1.63544900511317e-07
1.59093282336493e-07
1.617864429561e-07
1.62608737787629e-07
1.64067017740437e-07
1.59999843318003e-07
1.62596662114669e-07
1.61677378694657e-07
1.62660319761988e-07
1.6154291490632e-07
1.62291973641195e-07
1.63649436077196e-07
1.65347485355734e-07
1.64931252495731e-07
1.67347703705341e-07
1.61283271537633e-07
1.59476034589826e-07
1.56531749689987e-07
1.55954727472041e-07
1.53801345145251e-07
1.70290583933757e-07
1.69793599987656e-07
1.70969538974972e-07
1.70324880314473e-07
1.73590736310402e-07
1.72994705144335e-07
1.72105653137903e-07
1.75812755413609e-07
1.78004232346851e-07
1.68828590954608e-07
1.68706768875138e-07
1.69645480123476e-07
1.6486074286231e-07
1.67929697835664e-07
1.67582573609753e-07
1.62945109366741e-07
1.60496401594078e-07
1.58733923810506e-07
1.61390684601764e-07
1.66514895788171e-07
1.63854559084563e-07
1.65562673197928e-07
1.67064541420885e-07
1.65610806052323e-07
1.62980502101347e-07
1.64943838869157e-07
1.66056093790248e-07
1.68300256114636e-07
1.66613690629544e-07
1.67997951359546e-07
1.68853108371495e-07
1.71431807068982e-07
1.64440573725256e-07
1.62913135079288e-07
1.60422769166016e-07
1.58117194723341e-07
1.71897235224421e-07
1.74201921138224e-07
1.73313758683606e-07
1.74842810903542e-07
1.75520376880852e-07
1.76630535917512e-07
1.76344163110811e-07
1.78916854182689e-07
1.81637315142152e-07
1.72584866999348e-07
1.71924112010491e-07
1.7308781215716e-07
1.69916483754939e-07
1.69588392885027e-07
1.70648175951548e-07
1.70737512539118e-07
1.70462764768005e-07
1.69369151610516e-07
1.65863411608995e-07
1.63174857225438e-07
1.64872438384243e-07
1.69641588462646e-07
1.68290991737995e-07
1.67202395372316e-07
1.67252890644419e-07
1.68322208817165e-07
1.68021775568114e-07
1.72523412102763e-07
1.6835398335378e-07
1.70235280622235e-07
1.70086948182377e-07
1.70942054853541e-07
1.70557782351811e-07
1.72816439912125e-07
1.7618215746856e-07
1.75257415805945e-07
1.65634885848394e-07
1.68612208549539e-07
1.6495252102631e-07
1.62510986871577e-07
1.76349082871338e-07
1.76080058686858e-07
1.78399423047925e-07
1.85363676005603e-07
1.78922996118507e-07
1.79029068696612e-07
1.80273770901239e-07
1.80893134320445e-07
1.83142934000578e-07
1.87249292740776e-07
1.77561275189864e-07
1.77806109094898e-07
1.80031634898929e-07
1.7268271807655e-07
1.72906623159086e-07
1.74113651043912e-07
1.72478359022309e-07
1.72029419495969e-07
1.73806306780073e-07
1.67926112296226e-07
1.71180836835029e-07
1.69945095281767e-07
1.70982288237609e-07
1.71116861214621e-07
1.75587282633386e-07
1.72602524750086e-07
1.73256225878447e-07
1.73809260065254e-07
1.73539258795588e-07
1.76129498968649e-07
1.76665542971363e-07
1.80493313106193e-07
1.79691983932731e-07
1.71784796920834e-07
1.67788814080943e-07
1.70789083394221e-07
1.66951297708926e-07
1.80373804203883e-07
1.82243203578041e-07
1.84047249131689e-07
1.89141763839412e-07
1.93000189221648e-07
1.83004201219989e-07
1.83830195644803e-07
1.83954990554917e-07
1.86675073458165e-07
1.89814437465739e-07
1.96915055252487e-07
1.81953099983959e-07
1.84289902873686e-07
1.84897265377136e-07
1.75709125308133e-07
1.78013972905726e-07
1.76054013112559e-07
1.75897737458177e-07
1.7763138420039e-07
1.75693693935299e-07
1.74285539244873e-07
1.77440665258435e-07
1.72824597074921e-07
1.7287238092133e-07
1.74801948634242e-07
1.76044715651455e-07
1.78756175685979e-07
1.7590531367503e-07
1.7688855126869e-07
1.7588055234579e-07
1.78673666975017e-07
1.79263030150419e-07
1.83545054086263e-07
1.84448735396323e-07
1.82677424024063e-07
1.74525247292079e-07
1.73896058307248e-07
1.71467878234697e-07
1.84205310847403e-07
1.86243739244946e-07
1.89760410870303e-07
1.87735090861471e-07
1.87229987040349e-07
1.96100778251536e-07
1.93000189221648e-07
1.8814278254729e-07
1.89644162863902e-07
1.9236025814757e-07
2.00859513370743e-07
1.98636188797684e-07
1.87204595164232e-07
1.87189572588608e-07
1.87981106470487e-07
1.89744969516928e-07
1.78691618026255e-07
1.80276072529088e-07
1.81273424416524e-07
1.79492304495099e-07
1.79335800689947e-07
1.8062165175012e-07
1.76336917058756e-07
1.80658057969185e-07
1.77910405186928e-07
1.77746093347578e-07
1.79517494439653e-07
1.80931680121318e-07
1.79632509052032e-07
1.8115132228587e-07
1.80498666895144e-07
1.83030605949549e-07
1.86570996194998e-07
1.87320229826381e-07
1.89991677327494e-07
1.85904937387608e-07
1.77564006503645e-07
1.80159152790239e-07
1.760892241135e-07
1.93083856388634e-07
1.89376531917806e-07
1.9229159542961e-07
1.92149128765256e-07
1.90801292276218e-07
1.93202366390239e-07
1.95280535665639e-07
2.04848310770551e-07
1.95593908687006e-07
1.92969786022142e-07
1.99564030445999e-07
2.02843051370675e-07
1.94045147025397e-07
1.92357827607825e-07
1.93363182947082e-07
1.8227168185058e-07
1.84763108613424e-07
1.83102935893585e-07
1.84978731022823e-07
1.8441204962448e-07
1.83814364470167e-07
1.82432024806207e-07
1.83770184206773e-07
1.8072999859882e-07
1.83861169840598e-07
1.81295711209894e-07
1.81044020322472e-07
1.82939238634126e-07
1.8346460746194e-07
1.84213790592537e-07
1.84823777132838e-07
1.87765858219241e-07
1.89799656311075e-07
1.92130086027923e-07
1.91547224997834e-07
1.83226655701887e-07
1.80813694099136e-07
1.95483482471671e-07
1.94353714741402e-07
1.95495755753916e-07
1.96834768449465e-07
1.98802175797437e-07
2.06756891739618e-07
2.08895319745132e-07
1.98148345989657e-07
2.02988410190799e-07
2.05844707046437e-07
1.96294107965107e-07
1.96177431416798e-07
1.98140509499247e-07
1.96861364508053e-07
1.87811014343216e-07
1.8616070151205e-07
1.87447532757229e-07
1.88247139562379e-07
1.87341559675522e-07
1.8840655272574e-07
1.87134729021131e-07
1.88223237407122e-07
1.86948163672525e-07
1.86619945846229e-07
1.87307371234542e-07
1.85183720720435e-07
1.86455526042896e-07
1.89573776465753e-07
1.86883930432318e-07
1.89842281545933e-07
1.91348540407836e-07
1.95009212363498e-07
1.94422883341219e-07
1.99076649977614e-07
1.85726663767195e-07
1.88381992098484e-07
1.85685407840685e-07
2.12974373046902e-07
1.98638055324676e-07
1.98949739347491e-07
1.99990404243773e-07
2.02754646246723e-07
2.01475540028665e-07
2.10268672066756e-07
2.03324292038673e-07
2.07220693663131e-07
2.01724108341739e-07
2.00468246708334e-07
2.0274904016442e-07
2.01509784053114e-07
1.92595259680138e-07
1.9259533114283e-07
1.91003730921278e-07
1.89854894227397e-07
1.91098021974081e-07
1.91985743176193e-07
1.90662506420577e-07
1.91489581787196e-07
1.89986899848883e-07
1.90214529840823e-07
1.8973541259207e-07
1.93819694980208e-07
1.90183128157357e-07
1.91028902450216e-07
1.93186970335809e-07
1.9530819775806e-07
1.94757349692257e-07
1.97901474464118e-07
2.00817533156757e-07
2.02538192168392e-07
1.92210573374364e-07
1.90655685995451e-07
2.15026156811268e-07
2.17086244132563e-07
2.02461710916614e-07
2.05072745011481e-07
2.05611999467388e-07
2.1217652487509e-07
2.15410450167225e-07
2.08197039628036e-07
2.11577496308525e-07
2.08962720159807e-07
2.05493013390983e-07
2.05047336030547e-07
2.05866719110375e-07
2.05789040661214e-07
2.21231738083734e-07
1.96070094251295e-07
1.95544645519068e-07
1.93829624310797e-07
1.96226907280991e-07
1.95388390920974e-07
1.94704768303019e-07
1.96855088673796e-07
1.95091387281448e-07
1.92501260322055e-07
1.94898682069934e-07
1.98519155722986e-07
1.98409391901317e-07
1.94913562958521e-07
1.96777928728109e-07
1.94538421505884e-07
1.98661627784971e-07
1.9986384672348e-07
2.03123238223711e-07
2.05449448147121e-07
2.05881120188599e-07
2.10170733354212e-07
1.96008843662607e-07
1.95764493742436e-07
2.20111629927074e-07
2.08527050179311e-07
2.09050281980357e-07
2.15180592386019e-07
2.18734967625923e-07
2.12972163228862e-07
2.11641335093111e-07
2.09001676484844e-07
2.08815220139693e-07
2.09674735289439e-07
2.13213277486083e-07
2.23070477098681e-07
2.25458723806638e-07
2.00329700464431e-07
1.98924843143697e-07
1.99924614990922e-07
1.97022714547896e-07
1.98844261246139e-07
2.00915726938634e-07
1.99117660499185e-07
1.99418995854597e-07
2.0308578384036e-07
1.97283037318188e-07
1.98431024459998e-07
2.0209557118381e-07
2.04424484931101e-07
1.99849267480939e-07
2.02427399260279e-07
2.00325009014124e-07
2.02811225678909e-07
2.04127256539841e-07
2.0348252944382e-07
2.06040076701883e-07
2.07051141190816e-07
2.09306078023784e-07
2.14353992331934e-07
2.009292048923e-07
2.25152694883785e-07
2.22658442857362e-07
2.12379944118141e-07
2.12632626060419e-07
2.16747148077631e-07
2.16856187779255e-07
2.21830173265918e-07
2.14900891205208e-07
2.13643000817852e-07
2.11780404305669e-07
2.12575864438319e-07
2.17158138835107e-07
2.28551043183189e-07
2.29800192977402e-07
2.28956597720446e-07
2.03646660778612e-07
2.07603524253971e-07
2.05032523846552e-07
2.08324091377306e-07
2.02190379817095e-07
2.05779339199567e-07
2.03938392853971e-07
2.04311330482667e-07
2.08058573050572e-07
2.01404299294042e-07
2.01897998279805e-07
2.04819840352069e-07
2.07894238435558e-07
2.04348660097426e-07
2.03531604526694e-07
2.05008091884801e-07
2.06918393584524e-07
2.09691194384828e-07
2.08962378638305e-07
2.11030651847926e-07
2.13488342729002e-07
2.17490470646542e-07
2.18312244025804e-07
2.06173537730704e-07
2.28011055465685e-07
2.25590364291226e-07
2.15529136396397e-07
2.16297363146972e-07
2.19941739223074e-07
2.22428607494698e-07
2.20616448596832e-07
2.17949296036698e-07
2.21132728339931e-07
2.16877979233416e-07
2.17661246729056e-07
2.21299890197308e-07
2.34181879839146e-07
2.38601903860494e-07
2.32877929413555e-07
2.32245184997346e-07
2.11052000060867e-07
2.09779646319067e-07
2.12386911286995e-07
2.0975723761299e-07
2.09764415867896e-07
2.06474665192548e-07
2.0808446550007e-07
2.08588567078565e-07
2.11338017161579e-07
2.1203342775041e-07
2.07223498964558e-07
2.09714437710515e-07
2.13993360049012e-07
2.10291851403585e-07
2.07568662815225e-07
2.11090300393123e-07
2.14443750315839e-07
2.13575255524543e-07
2.14200336058279e-07
2.17060740376007e-07
2.20041614120053e-07
2.21205882978259e-07
2.24747022851393e-07
2.1149825409145e-07
2.43061289286608e-07
2.29664637985555e-07
2.35542612916243e-07
2.27673653360066e-07
2.20713804751526e-07
2.25247695420948e-07
2.21170551400268e-07
2.24023933325106e-07
2.25043752685742e-07
2.21311945828888e-07
2.24057933156447e-07
2.38452930063292e-07
2.37080610443238e-07
2.43061289286608e-07
2.13636215186351e-07
2.16648776820355e-07
2.12261386485393e-07
2.15776121372916e-07
2.16155208430033e-07
2.10864740333369e-07
2.16336471413483e-07
2.15668389231562e-07
2.15873760366774e-07
2.13010693015116e-07
2.17092661321452e-07
2.16598907571997e-07
2.14181463838713e-07
2.14181463838713e-07
2.29310155564092e-07
2.16698173003684e-07
2.16926766252414e-07
2.18327748862038e-07
2.21751235180879e-07
2.23757914280288e-07
2.25150573387301e-07
2.27551458137593e-07
2.16878868413125e-07
2.4653390077616e-07
2.47601529999463e-07
2.52196090538334e-07
2.39635028365348e-07
2.33598096200856e-07
2.37110551891819e-07
2.29802772972685e-07
2.34111486543258e-07
2.27118824916446e-07
2.27222745241501e-07
2.29696520634837e-07
2.27723643494216e-07
2.42173352932907e-07
2.46617182673464e-07
2.18982495608556e-07
2.19949629196037e-07
2.20463123778034e-07
2.14719908553329e-07
2.17057304040073e-07
2.20045659673147e-07
2.21568833408353e-07
2.16965765373207e-07
2.19649681340634e-07
2.19688859798195e-07
2.18144143105373e-07
2.20007582287035e-07
2.18951232284771e-07
2.23409858139917e-07
2.33467717133323e-07
2.31740792111525e-07
2.22010642393241e-07
2.2505201709548e-07
2.27117984216012e-07
2.30468574013039e-07
2.30989431366127e-07
2.22326832895491e-07
2.49889378696506e-07
2.53502471549685e-07
2.56870959432226e-07
2.43952736687968e-07
2.41255485294574e-07
2.38034319149806e-07
2.33407016849504e-07
2.3035687556558e-07
2.32801754660424e-07
2.32290047710397e-07
2.36118548858618e-07
2.38137419840369e-07
2.50461098135839e-07
2.47305623206006e-07
2.2241898446178e-07
2.23213399367907e-07
2.2379998562235e-07
2.24243148438414e-07
2.19295510238907e-07
2.21372333078766e-07
2.2408798675854e-07
2.27468570918969e-07
2.23874616076706e-07
2.20625590989064e-07
2.22525139329229e-07
2.2343703768293e-07
2.21979647153842e-07
2.23227201929505e-07
2.23709613060747e-07
2.26884127068537e-07
2.31137338459195e-07
2.35720465089002e-07
2.35604283614843e-07
2.27202493964847e-07
2.28507528128855e-07
2.31842985921885e-07
2.34909347413146e-07
2.25098382580423e-07
2.58024750443526e-07
2.53838651707851e-07
2.55629857868293e-07
2.6159875604781e-07
2.48151602787937e-07
2.4530220071035e-07
2.38292160000471e-07
2.41882739925454e-07
2.40753532397758e-07
2.36914435883465e-07
2.36495759035847e-07
2.40415200421305e-07
2.41376983245386e-07
2.52520266810168e-07
2.26684504241133e-07
2.27088043481554e-07
2.2779187119588e-07
2.29549381975866e-07
2.24776625474811e-07
2.25771684740658e-07
2.28684817214486e-07
2.27600506274031e-07
2.25918915343925e-07
2.26183884811926e-07
2.25098382580423e-07
2.26904657312196e-07
2.2651040445987e-07
2.30640797203595e-07
2.30830458780848e-07
2.33242147578645e-07
2.33786646736611e-07
2.37535948791996e-07
2.39284912256536e-07
2.32111024526217e-07
2.35979241376671e-07
2.38127641127253e-07
2.27932824978876e-07
2.61595652917223e-07
2.58085310938697e-07
2.61050537865383e-07
2.66410858706116e-07
2.65735769814355e-07
2.51529788403988e-07
2.48439023076885e-07
2.40704215504756e-07
2.4467628499178e-07
2.40675565084125e-07
2.43568243311402e-07
2.44307786822287e-07
2.4489220902945e-07
2.56988994682444e-07
2.34654517752289e-07
2.30437246357981e-07
2.33078316168331e-07
2.35636469724053e-07
2.28644053208823e-07
2.31156180397218e-07
2.33961838012875e-07
2.30070709588477e-07
2.29612693795846e-07
2.33694114095829e-07
2.30789600489631e-07
2.3415496931618e-07
2.35513641685698e-07
2.37661553894859e-07
2.38434635428421e-07
2.41256056088365e-07
2.44547914138928e-07
2.38620449986187e-07
2.40724490089025e-07
2.43187982373364e-07
2.33662513511066e-07
2.61271450687904e-07
2.66296022801343e-07
2.63209062176555e-07
2.71270942019409e-07
2.71439539675186e-07
2.76180470487308e-07
2.52799653418892e-07
2.49313756382204e-07
2.444565620004e-07
2.4807500676606e-07
2.47001998787643e-07
2.57262741054359e-07
2.47668841260667e-07
2.48812959602325e-07
2.48628371087991e-07
2.49081905956881e-07
2.61309852499019e-07
2.65076965419489e-07
2.39310108905706e-07
2.36503759085445e-07
2.38947909642142e-07
2.38105383606881e-07
2.34054022861006e-07
2.35702150130128e-07
2.38367824581527e-07
2.33170973265687e-07
2.3405936662051e-07
2.36952971359063e-07
2.37765251069744e-07
2.39448127685416e-07
2.36551840648023e-07
2.38598182174919e-07
2.39727657634595e-07
2.41926058822358e-07
2.42882364150092e-07
2.47797309971283e-07
2.51408840373383e-07
2.42399003465904e-07
2.42813272744428e-07
2.45896355850846e-07
2.47137749626465e-07
2.39457866498716e-07
2.67248227534147e-07
2.70908704692594e-07
2.75628355187442e-07
2.75049500860085e-07
2.81185035050228e-07
2.5488792693341e-07
2.52540228950115e-07
2.50677232880886e-07
2.52768017378436e-07
2.6047974436968e-07
2.51685413047658e-07
2.5539948314961e-07
2.53128506187842e-07
2.65288428839128e-07
2.65289293445476e-07
2.69333825536184e-07
2.45454695554586e-07
2.40783985250069e-07
2.44190203855357e-07
2.42548558223231e-07
2.39130696070433e-07
2.41763961000623e-07
2.40602205520454e-07
2.43221743157298e-07
2.42223659479533e-07
2.43422700938825e-07
2.476958004177e-07
2.4235064269757e-07
2.42282206729329e-07
2.45546608506922e-07
2.45698171416944e-07
2.46050934005339e-07
2.51264152162647e-07
2.55083222358819e-07
2.46216721238052e-07
2.47646744068262e-07
2.50521927413551e-07
2.50673153227341e-07
2.45339440534165e-07
2.71377859571562e-07
2.75339724246813e-07
2.7824665289382e-07
2.79328111742048e-07
2.83255762658034e-07
2.86274838255664e-07
2.59887444480892e-07
2.5708199909355e-07
2.56369248193392e-07
2.56261850451628e-07
2.61715783791512e-07
2.55812266492211e-07
2.58481870516885e-07
2.57395391199154e-07
2.69477228919082e-07
2.66844801198311e-07
2.73859157505928e-07
2.48218043986013e-07
2.46499772216239e-07
2.46391332278968e-07
2.43202659387057e-07
2.45502085920535e-07
2.46615294137948e-07
2.48850293029738e-07
2.51419428150152e-07
2.50377038929984e-07
2.48326641344951e-07
2.49982433291032e-07
2.49341914458281e-07
2.50375278876185e-07
2.58166494334057e-07
2.52151480615746e-07
2.5219699809006e-07
2.55417361933452e-07
2.57974842354445e-07
2.51331943471874e-07
2.78010782836951e-07
2.7966641536736e-07
2.83524257065727e-07
2.85976819722935e-07
2.87367479959898e-07
2.90707971985424e-07
2.91490205531823e-07
2.64194939419862e-07
2.63113863169405e-07
2.60780034379887e-07
2.59851688721022e-07
2.64746957086153e-07
2.68810394162187e-07
2.62689803614498e-07
2.62308021739397e-07
2.74526635161974e-07
2.70842267615984e-07
2.73490769701624e-07
2.7876404773037e-07
2.8248057892096e-07
2.51008120496487e-07
2.54176933354691e-07
2.51984422836734e-07
2.49992023040735e-07
2.49397980594765e-07
2.51549978842963e-07
2.54145015952214e-07
2.55236722370471e-07
2.56094823416867e-07
2.52828339814338e-07
2.53377553957404e-07
2.54455139901358e-07
2.54581243891885e-07
2.62611646619591e-07
2.57284830729825e-07
2.56769305086601e-07
2.60222640999074e-07
2.57457502872828e-07
2.83547994248183e-07
2.88343171355425e-07
2.92936875279962e-07
2.94868179621458e-07
2.96856199999515e-07
2.67711764565049e-07
2.69192283529689e-07
2.69002339121331e-07
2.65516935732244e-07
2.69118254885187e-07
2.67886773487884e-07
2.74205466828306e-07
2.7839156415999e-07
2.78141265098807e-07
2.77482340910008e-07
2.87299309782415e-07
2.82346147346807e-07
2.85990695837333e-07
2.59262362597933e-07
2.55827040607673e-07
2.5668101402416e-07
2.57761506397689e-07
2.56003624086342e-07
2.55185782459159e-07
2.59106196636821e-07
2.6094556256123e-07
2.5918117909279e-07
2.58208501557408e-07
2.60148215303214e-07
2.57019512337208e-07
2.5723444093852e-07
2.60196181592273e-07
2.61704651200357e-07
2.66280495346724e-07
2.60987207895715e-07
2.64627638746515e-07
2.65267070171346e-07
2.63688716066414e-07
3.02286908314356e-07
2.9063999833167e-07
2.92896187029321e-07
3.04995379788439e-07
2.93241514418094e-07
2.97910376654574e-07
3.01196008989876e-07
2.72131337163451e-07
2.7193851770213e-07
2.70317591272131e-07
2.73761157507974e-07
2.73312044767482e-07
2.74562044747436e-07
2.71933281067032e-07
2.78817195632415e-07
2.83446227361273e-07
2.82049762095609e-07
2.90507279923721e-07
2.87457271619816e-07
2.95036967981139e-07
2.63313695246756e-07
2.62963018017896e-07
2.60391331990759e-07
2.62496867616736e-07
2.60893577979428e-07
2.63215620135219e-07
2.65197529966398e-07
2.62826651831303e-07
2.63665991724535e-07
2.63126155360153e-07
2.64492464060425e-07
2.61341262388643e-07
2.62141255249815e-07
2.66120258087005e-07
2.65435406189905e-07
2.69413780945141e-07
2.67482266333416e-07
2.69619565992045e-07
2.68439174113185e-07
2.66850539500967e-07
3.07860729945141e-07
3.10419096228406e-07
2.95294173675234e-07
2.97369330465261e-07
3.08366961967667e-07
3.01824971044768e-07
3.06324483184024e-07
2.76405752299137e-07
2.77337366586577e-07
2.74178218653835e-07
2.77613434397935e-07
2.77614391690304e-07
2.80225511302458e-07
2.79398661062286e-07
2.83520777940982e-07
2.89186032874421e-07
2.88518567961171e-07
2.94817891788823e-07
2.98583995422096e-07
2.67660374053131e-07
2.67273966908106e-07
2.66721177048029e-07
2.69087399537592e-07
2.66929376207415e-07
2.70188094607396e-07
2.691764576814e-07
2.67741442583491e-07
2.69503800662187e-07
2.66418877587112e-07
2.70458885018974e-07
2.70064507378055e-07
2.74596028804401e-07
2.74464936979993e-07
2.73775651467874e-07
2.73236582666375e-07
2.70033024887722e-07
3.13521544074115e-07
3.14047264629227e-07
3.02993467051543e-07
3.01843241984534e-07
3.11856827901173e-07
3.07785597393091e-07
2.80880876485035e-07
2.81968920612512e-07
2.79304598848038e-07
2.81569975296372e-07
2.84087120433578e-07
3.03495043243282e-07
2.86402495971631e-07
2.90951537717576e-07
2.92178312443453e-07
2.96292398799789e-07
3.00450950886138e-07
2.7256896673142e-07
2.76914726803209e-07
2.7267589083967e-07
2.73392516314978e-07
2.71592222935179e-07
2.75504369037274e-07
2.73382051795608e-07
2.73075596815107e-07
2.72694655024986e-07
2.76046285068902e-07
2.71674116990511e-07
2.74146546779104e-07
2.74748625947306e-07
2.79812049059224e-07
2.80202342333378e-07
2.78536616340872e-07
2.78125276381964e-07
2.76461637047947e-07
3.19291498455866e-07
3.25158600266805e-07
3.19895489889699e-07
3.19705184274644e-07
3.07447574961291e-07
3.06609844991121e-07
3.16044822517702e-07
3.12875083273378e-07
2.8683324314662e-07
2.8416836588608e-07
2.85816649703661e-07
2.86040154922238e-07
2.88845986735684e-07
3.07504621081288e-07
3.12808364949149e-07
2.92312410600921e-07
2.9549154154333e-07
2.98435068582993e-07
3.03772360705133e-07
2.82598592180877e-07
2.77309604792899e-07
2.75790777670114e-07
2.78320767861485e-07
2.78219418059864e-07
2.80982557249821e-07
2.78029282282532e-07
2.77744448754948e-07
2.77209261852767e-07
2.81300775186784e-07
2.78428860363021e-07
2.8251600349418e-07
2.81573255111657e-07
2.84011607040362e-07
2.86781276577285e-07
2.87822809228771e-07
2.8619224226409e-07
2.83039719343815e-07
3.25002326128286e-07
3.31212500084073e-07
3.26424020064638e-07
3.2225775635536e-07
3.23088095432002e-07
3.11756955204578e-07
3.18323173557496e-07
2.92508759394134e-07
2.89505963927593e-07
2.92468546223893e-07
2.95750117729431e-07
3.17589961791821e-07
3.09099022942474e-07
3.14309389004094e-07
2.98943708885379e-07
3.0038814271216e-07
3.03859380885007e-07
3.08155769491682e-07
2.82539739283772e-07
2.79957171812283e-07
2.82802458998504e-07
2.8610139313755e-07
2.82557888183251e-07
2.81620605242488e-07
2.81498655702709e-07
2.86557057168385e-07
2.85164260703347e-07
2.86559657591689e-07
2.86393670031755e-07
2.84819027325105e-07
2.86393670031755e-07
2.89349125790567e-07
2.89751129270111e-07
2.9003975636606e-07
2.87721473785056e-07
2.9273851464173e-07
2.92445922065791e-07
2.94727141511273e-07
2.89804893981119e-07
3.31184168706957e-07
3.37456142692581e-07
3.32180081430042e-07
3.28692128718421e-07
3.27829984510728e-07
3.37345580226635e-07
3.37613848699655e-07
3.23268014946003e-07
3.19394728591256e-07
2.98935007416118e-07
2.9527820131974e-07
2.98232128700504e-07
3.00462215793069e-07
3.22464530166332e-07
3.04659392940109e-07
3.13393886759723e-07
3.18348518774449e-07
3.05368908353557e-07
3.1061362150475e-07
2.87762740414902e-07
2.90784963549725e-07
2.87399659362288e-07
2.91265242870468e-07
2.86491141686683e-07
2.89811224079642e-07
2.91411261396215e-07
2.92334797659513e-07
2.91338540801151e-07
2.93721138675406e-07
2.94660406057032e-07
2.92103551113472e-07
2.97626791661184e-07
2.96989098787392e-07
2.99423190093476e-07
2.99762493764071e-07
2.96797452078505e-07
3.40624499706893e-07
3.4381439626212e-07
3.43601409114605e-07
3.34465762530334e-07
3.3142978281918e-07
3.27901780265456e-07
3.43858159277888e-07
3.4124397151225e-07
3.26539122511256e-07
3.04474177389372e-07
3.00215829781566e-07
3.03398625769102e-07
3.28453705504503e-07
3.23758972936546e-07
3.21500320297078e-07
3.0820835605701e-07
3.08774562302375e-07
3.18572069808806e-07
3.12804563123259e-07
2.94759962277826e-07
2.94901183122158e-07
2.94436945894127e-07
2.94588719662694e-07
2.94318995566679e-07
2.96378170739218e-07
2.97972928788091e-07
2.96278552006524e-07
2.98569968481082e-07
2.98224095252105e-07
2.97876365790891e-07
3.01415598806828e-07
2.97355037421512e-07
3.00070712438607e-07
3.02197436566614e-07
3.04924766881409e-07
3.02894314744292e-07
3.04447635397589e-07
3.05230669070865e-07
3.00349084966694e-07
3.48257753380657e-07
3.5030461582843e-07
3.49135852165457e-07
3.37780348270758e-07
3.34057928551524e-07
3.5033177039959e-07
3.44199367023603e-07
3.36193443930059e-07
3.34505054212838e-07
3.12415461220898e-07
3.08759145005461e-07
3.08095770221026e-07
3.30003790563848e-07
3.26360623538853e-07
3.24044944102037e-07
3.15486223361838e-07
3.19649355159441e-07
3.16544049836015e-07
2.99556487498996e-07
2.999642821813e-07
3.03833248419853e-07
3.00742447082362e-07
3.02693116863556e-07
3.00349084966694e-07
3.02134875816592e-07
3.02449810879304e-07
3.02842166667688e-07
3.06987929305647e-07
3.04518626267081e-07
3.04849169662064e-07
3.09180773824464e-07
3.10452549681762e-07
3.1097095325645e-07
3.10213862378666e-07
3.10045206866895e-07
3.03936895760825e-07
3.55729583801289e-07
3.5698881130142e-07
3.55989394944834e-07
3.63880699985748e-07
3.55263754307493e-07
3.40442380579541e-07
3.51516540155791e-07
3.47326526314403e-07
3.362083602384e-07
3.40946754960664e-07
3.40285189872434e-07
3.15287597307178e-07
3.15345944010406e-07
3.29584953836178e-07
3.26224346198614e-07
3.20719441912624e-07
3.26716790970474e-07
3.20765301586418e-07
3.23394337347859e-07
3.05980839244308e-07
3.10935127030199e-07
3.07756886125193e-07
3.07626205320799e-07
3.06695732987444e-07
3.08353417245178e-07
3.07714567899685e-07
3.07608696261126e-07
3.07762556593357e-07
3.09786172174535e-07
3.12483249306275e-07
3.14090674129964e-07
3.15920925134195e-07
3.14360959079144e-07
3.16312825271696e-07
3.15129540063478e-07
3.1775380902462e-07
3.11308954714717e-07
3.62894300424604e-07
3.63568434518445e-07
3.60752784004045e-07
3.66549710019562e-07
3.70902195426801e-07
3.59083606166619e-07
3.3511493129929e-07
3.38509307817974e-07
3.45401820539911e-07
3.52132826691121e-07
3.57221373550905e-07
3.41935544894655e-07
3.46133256375668e-07
3.20135558724106e-07
3.20711115967545e-07
3.30525641011743e-07
3.30522959240798e-07
3.29011958904372e-07
3.12448225285345e-07
3.16385272324112e-07
3.14701659536476e-07
3.12693866993669e-07
3.12073095039844e-07
3.12904384727529e-07
3.15040740048528e-07
3.13825801992465e-07
3.1805097516803e-07
3.22785579445064e-07
3.21162102430811e-07
3.19936769896687e-07
3.23141313714577e-07
3.22654067765365e-07
3.23562110155531e-07
3.1883382447868e-07
3.69400954713715e-07
3.67958561043409e-07
3.67059280448866e-07
3.73608176756037e-07
3.72492515189641e-07
3.78032909528385e-07
3.64083473409398e-07
3.35928632373448e-07
3.41260143274051e-07
3.46147206632176e-07
3.53435969873935e-07
3.59101752655974e-07
3.63749540951769e-07
3.51342219159437e-07
3.25379010512907e-07
3.30119772215493e-07
3.36573809215624e-07
3.3434007179146e-07
3.36319039401786e-07
3.18211929058759e-07
3.21338217154161e-07
3.17784555570439e-07
3.20088948794619e-07
3.21428244918447e-07
3.18313941237336e-07
3.17489359826177e-07
3.22657740682332e-07
3.19361357860471e-07
3.23914456035056e-07
3.27948476984463e-07
3.2346132355755e-07
3.28083236268239e-07
3.26966572862255e-07
3.27504632517828e-07
3.28380864533783e-07
3.31998383071467e-07
3.26539459853109e-07
3.76487943051816e-07
3.7231577298449e-07
3.74398324167489e-07
3.80073694485509e-07
3.81652522121017e-07
3.85344537881106e-07
3.92830652466365e-07
3.70410015020731e-07
3.51738497627369e-07
3.4247844904019e-07
3.480165483302e-07
3.62076382887597e-07
3.63701564077619e-07
3.69530971792101e-07
3.57590277113784e-07
3.62445275048805e-07
3.32610660768528e-07
3.36224164716636e-07
3.43149305708213e-07
3.39669358344211e-07
3.43357658194995e-07
3.24128309666869e-07
3.27470308044239e-07
3.33201292184621e-07
3.2317396235314e-07
3.25286863882577e-07
3.26501395271579e-07
3.23283046733821e-07
3.30522956163043e-07
3.26395439150625e-07
3.29154107837464e-07
3.29219861869655e-07
3.34506690061764e-07
3.31346331309825e-07
3.32691281725389e-07
3.36899933906436e-07
3.36823972129603e-07
3.34576981306299e-07
4.00502173460408e-07
3.8420460085477e-07
3.86280813473134e-07
3.78481046856033e-07
3.81025525789293e-07
3.89986212762239e-07
3.97910704796591e-07
3.80328152174637e-07
3.76729163365241e-07
3.48305617635904e-07
3.55095439266976e-07
3.51126465179219e-07
3.60937427006846e-07
3.68769063992192e-07
3.74735428985767e-07
3.64875350131977e-07
3.68723229718524e-07
3.41359032987035e-07
3.44110885419511e-07
3.48753445004649e-07
3.47409231080367e-07
3.36828328863344e-07
3.40208767910563e-07
3.31411977254949e-07
3.36121298753227e-07
3.3928779813832e-07
3.28821778040506e-07
3.34115961387016e-07
3.32145652759553e-07
3.34201548690689e-07
3.36026329615014e-07
3.38812461363176e-07
3.39776463950306e-07
3.47092433099573e-07
3.43281461804774e-07
3.46211920574562e-07
3.42877116318503e-07
4.08314502842219e-07
4.04800414903942e-07
3.91528476318197e-07
3.91188834947488e-07
3.84509700290626e-07
3.99062695105975e-07
4.06701609082591e-07
3.86377866103031e-07
3.832698086065e-07
3.81213866474807e-07
3.5592789038773e-07
3.60212721332137e-07
3.66485516283741e-07
3.75677570047431e-07
3.70287498470442e-07
3.49688681752769e-07
3.47511176130861e-07
3.54062077304346e-07
3.53043063902546e-07
3.55186142373381e-07
3.40551797920093e-07
3.46205524914166e-07
3.44998623415852e-07
3.44844341758304e-07
3.39077722019702e-07
3.45619240666186e-07
3.3466375678477e-07
3.40910416700874e-07
3.40692183514601e-07
3.41521993803851e-07
3.41357898922519e-07
3.5631947317466e-07
3.45830953416416e-07
3.5029704791919e-07
3.50605590385403e-07
3.50868152716523e-07
3.51389722005614e-07
4.12274135526889e-07
4.1627074197837e-07
4.24379149402438e-07
4.12274135526889e-07
3.97953740156691e-07
3.91461572828566e-07
3.96042952823733e-07
4.05087754524607e-07
4.14560060463458e-07
3.91641185134784e-07
3.88099705887074e-07
3.98341774963401e-07
3.83005458338654e-07
3.6155900904738e-07
3.67361271496075e-07
3.710400997448e-07
3.76637342910072e-07
3.83036273110189e-07
3.57728532841632e-07
3.64040595388544e-07
3.6198054983988e-07
3.71501954958074e-07
3.4653242131296e-07
3.5576131013624e-07
3.51473651500102e-07
3.53015064847891e-07
3.52725250063894e-07
3.46299507513679e-07
3.52453845838956e-07
3.44871947210191e-07
3.47522618906159e-07
3.48364570300391e-07
3.62373904565879e-07
3.57588232512993e-07
3.62949257883822e-07
3.54683493940414e-07
3.56426597673535e-07
3.59463304614938e-07
3.60235651417004e-07
4.32648805117926e-07
4.24381147787012e-07
4.22701641827891e-07
4.00889586956849e-07
3.99958111034845e-07
4.0947301649597e-07
4.13220643788354e-07
4.16351560640251e-07
4.2059796161084e-07
3.90215663172453e-07
3.955454126413e-07
4.07970920660728e-07
4.03533666029186e-07
3.88482383974972e-07
3.69192431342704e-07
3.74315577031587e-07
3.75773417781683e-07
3.80250378585677e-07
3.87483603221061e-07
3.81348709825381e-07
3.6661093717491e-07
3.70883770573841e-07
3.77307758320619e-07
3.61740671425318e-07
3.52967611234245e-07
3.58027338495785e-07
3.59263839308605e-07
3.6117520314411e-07
3.56260142883837e-07
3.58800590651697e-07
3.52336386264329e-07
3.55416674352085e-07
3.56522743229836e-07
3.68003817858458e-07
3.63207943052822e-07
3.68349756362219e-07
3.6496136622888e-07
3.60835429369043e-07
3.6544285820126e-07
3.67880765204669e-07
3.69387760498547e-07
4.41131071961033e-07
4.36429748083908e-07
4.30618904025129e-07
4.31422837981628e-07
4.09487128237039e-07
4.19584358726255e-07
4.27416875055199e-07
4.14475620924032e-07
3.95325225121233e-07
4.00963531302819e-07
4.1180035681243e-07
3.95869684948506e-07
3.76807114417662e-07
3.81496307639582e-07
3.89784693317681e-07
3.88493369421336e-07
3.76555857090929e-07
3.7963881234144e-07
3.84380526742137e-07
3.66354501552551e-07
3.61880717817758e-07
3.66069423702455e-07
3.70382056569642e-07
3.66457908895342e-07
3.65404905836829e-07
3.61143797389634e-07
3.60063643405907e-07
3.64882142243641e-07
3.75123153291599e-07
3.80727470556275e-07
3.68842927354058e-07
3.73844140456035e-07
3.70352195871823e-07
3.70313750400605e-07
3.75837375154952e-07
3.73175133716808e-07
3.74337945355839e-07
3.78725697139336e-07
4.49898933744696e-07
4.58929356966014e-07
4.78080455445855e-07
4.68311753269602e-07
4.45487793029746e-07
4.51778815536143e-07
4.88104344004803e-07
4.3910063078524e-07
4.39886849136853e-07
4.35357173276593e-07
4.19250189747489e-07
4.2913821163744e-07
4.2188645534532e-07
4.1816298547715e-07
5.58358889296136e-07
4.98478142234342e-07
5.45305289671641e-07
5.32789293279811e-07
5.20805824283128e-07
5.09403714925959e-07
5.63507316228588e-07
5.71950344647737e-07
6.52846405414219e-07
4.02478681217221e-07
4.13583167445491e-07
4.04384537980248e-07
4.0066594627789e-07
3.86745744676019e-07
3.87235428771269e-07
3.9302681059139e-07
3.96845720396162e-07
3.85601330614126e-07
3.91583191348632e-07
3.87190781162235e-07
3.91914269056628e-07
3.72146672122237e-07
3.78261014244785e-07
3.72752872285155e-07
3.71513242641525e-07
3.76130657124196e-07
3.81594269527364e-07
3.71847888524775e-07
3.68076690753571e-07
3.66499791411085e-07
3.71660224754164e-07
3.80545332269185e-07
3.76629108666054e-07
3.76343910118125e-07
3.83121999728206e-07
3.80507705277657e-07
3.88376601278607e-07
3.98322208089177e-07
4.58929356966014e-07
4.83059247594478e-07
4.69685669668314e-07
4.50773049723632e-07
4.58536955993099e-07
4.93956324668418e-07
4.8830668881056e-07
4.47637135173007e-07
4.44221192975364e-07
4.42021400648488e-07
4.27287356003153e-07
4.34810859220537e-07
4.27717743698309e-07
4.21644633928487e-07
5.50761390097729e-07
5.07592474236455e-07
5.06579202783318e-07
5.34182953992557e-07
5.17962115183104e-07
5.58736177787155e-07
6.34437126339484e-07
6.40203386794718e-07
5.86203469270858e-07
6.01273201105494e-07
6.17306216413512e-07
5.72953848078886e-07
5.83772167977908e-07
6.52846405414219e-07
4.10755115064545e-07
4.19508190558395e-07
4.11767688379457e-07
4.06065038018631e-07
3.93493014096403e-07
4.00437723927558e-07
4.05488260844151e-07
4.1229417398206e-07
3.87569649608884e-07
3.94687197476869e-07
3.98572576562499e-07
3.94373696786232e-07
3.97277730210637e-07
3.88340344133924e-07
3.79986474172828e-07
3.84946170521342e-07
3.78969865591391e-07
3.78727919454873e-07
3.85337391214366e-07
3.78435749916248e-07
3.74581528542457e-07
3.75036979385249e-07
3.83432661274889e-07
3.82091598166247e-07
3.86125823147012e-07
3.90875670138021e-07
3.89638973025412e-07
3.94724289115553e-07
4.00854153620762e-07
3.91933274429949e-07
4.03400772149795e-07
4.69904516417269e-07
4.78080455445855e-07
4.5576163264634e-07
4.64461652359664e-07
4.97660618007405e-07
4.83682278203463e-07
4.51186944129643e-07
4.49243302298032e-07
4.42757167257795e-07
4.36656288936404e-07
4.35554284343608e-07
4.27172206620796e-07
5.04866622011668e-07
5.42223511517977e-07
5.1562328070747e-07
5.26717546112974e-07
5.34544168422173e-07
5.54219647961759e-07
5.67193720931542e-07
6.2694599101683e-07
6.42197824986263e-07
5.98605103576671e-07
6.12369183543625e-07
5.87309053420678e-07
6.52846405414219e-07
4.20946008431905e-07
4.17908121631859e-07
4.02592762162548e-07
4.08370893748995e-07
4.16429735446293e-07
4.19510342497332e-07
4.01820192361307e-07
3.98361744804893e-07
4.04841966782755e-07
4.02699092272376e-07
4.04512633176753e-07
4.09041080584039e-07
3.95754240295567e-07
3.90816181163707e-07
3.87515734804189e-07
3.94957834247127e-07
3.87129644008131e-07
3.88186607769054e-07
3.85198535930313e-07
3.9051564603306e-07
3.9702434575255e-07
3.99706622135617e-07
3.99495557862187e-07
4.05962321768574e-07
3.98737271000874e-07
4.08539068225546e-07
4.73646396605653e-07
4.61804642539675e-07
4.93579707803332e-07
4.84296863779468e-07
4.56048310552964e-07
4.50747384192262e-07
4.50467118194092e-07
4.44602902842364e-07
4.41443602070524e-07
4.35046552657794e-07
4.28265070596637e-07
4.98586981826542e-07
5.15528282605542e-07
5.4424149648262e-07
5.3064584389743e-07
5.57433370670554e-07
5.73674227235731e-07
6.41618271991207e-07
6.29585277950287e-07
6.08185665069791e-07
5.92783672841493e-07
6.52846405414219e-07
4.25745550693056e-07
4.1177630872244e-07
4.16327986968678e-07
4.24687730616498e-07
4.28497700825947e-07
4.04962856638306e-07
4.105930568701e-07
4.15221276485974e-07
4.11853126358732e-07
4.01145982362154e-07
4.03111952755565e-07
3.96100724864555e-07
3.95320241971005e-07
4.03112446827814e-07
3.95796668944009e-07
3.95328855799482e-07
3.96910707998112e-07
4.0605335112124e-07
4.10868761462089e-07
4.13739254876923e-07
4.08442565348909e-07
4.04977088371723e-07
4.16160017442371e-07
4.19003623891975e-07
4.76194775502988e-07
4.64930626561315e-07
4.72777733435263e-07
4.8996032316216e-07
5.03956739348974e-07
4.63301325422412e-07
4.58036076119534e-07
4.5464788784803e-07
4.48283932821505e-07
4.37277867137992e-07
4.37893785939853e-07
5.13485624582601e-07
5.25670609829275e-07
5.46023021587011e-07
5.33468478616935e-07
5.58546689641474e-07
5.86569376124963e-07
5.69436302929628e-07
6.38618844624818e-07
6.21011401320482e-07
6.00770780254877e-07
6.52846405414219e-07
4.3557891774784e-07
4.17218106698305e-07
4.20753713078449e-07
4.24630295750265e-07
4.31895056253446e-07
4.11273189469078e-07
4.18119427987442e-07
4.17891709940348e-07
4.24002218680857e-07
4.20947156468639e-07
4.10269750904003e-07
4.08019009196362e-07
4.03071276453289e-07
4.09173815446608e-07
4.01935181118509e-07
4.06264588961512e-07
4.05166091973412e-07
4.14625846671787e-07
4.17181786325331e-07
4.24334612090686e-07
4.15173394981979e-07
4.2218236367305e-07
4.29734814509139e-07
4.32866073808797e-07
4.79871087073454e-07
4.87569183274564e-07
4.7561446354301e-07
5.11440633158688e-07
4.98733493620224e-07
4.70648797734151e-07
4.6302999394542e-07
4.55038272178512e-07
4.59301596852285e-07
4.46391781461797e-07
4.4876036952299e-07
4.48044410540285e-07
5.23922617110266e-07
5.364813173519e-07
5.49050204606171e-07
5.63936231836364e-07
5.90291446526456e-07
5.74495846845574e-07
6.33674781137626e-07
6.14466696550655e-07
6.00383180258596e-07
6.52846405414219e-07
4.40301014787002e-07
4.27371829127282e-07
4.33513850435214e-07
4.39001822522067e-07
4.31693766762445e-07
4.22338928543224e-07
4.26814180989462e-07
4.28626735724843e-07
4.29663696203283e-07
4.17704366672252e-07
4.17106933430367e-07
4.11279227159093e-07
4.12217495371326e-07
4.11800345502663e-07
4.17422791452974e-07
4.21359787571964e-07
4.21658029676344e-07
4.25217064289206e-07
4.31231657210657e-07
4.25074896895562e-07
4.40790096152628e-07
4.38056077901424e-07
4.40790096152628e-07
4.89384923652358e-07
4.82559943407133e-07
5.11261728867689e-07
5.20703344330609e-07
4.98950212845829e-07
5.07501092903247e-07
4.71771112373095e-07
4.80455242666852e-07
4.57767840574339e-07
4.68340751912584e-07
4.54479907155523e-07
4.59462611521758e-07
4.51686939961744e-07
4.55342766953492e-07
5.33229540606583e-07
5.70895520189667e-07
5.45932871893736e-07
5.58054652614782e-07
5.42125335992368e-07
5.89075676824269e-07
5.81337804864946e-07
6.34551971906668e-07
6.19193384570087e-07
6.1010515233381e-07
6.52846405414219e-07
4.47190208929483e-07
4.36643149060237e-07
4.41275209290446e-07
4.38121269676633e-07
4.32249874496935e-07
4.35599149607799e-07
4.40180120491574e-07
4.27023038249292e-07
4.22077908414234e-07
4.19334405332325e-07
4.27786654297862e-07
4.29308463396348e-07
4.30823728342969e-07
4.33504631912144e-07
4.37765439760006e-07
4.35806867517693e-07
4.35998818016501e-07
4.46505329991003e-07
4.52328945058621e-07
4.42842316495142e-07
4.48965903883157e-07
4.9380736465972e-07
5.17526902185687e-07
5.04017974994438e-07
4.76887236731596e-07
4.84940417529775e-07
4.65894695024923e-07
4.75861334371411e-07
4.5568002592031e-07
4.61383569229156e-07
4.66322953754099e-07
4.60103594619346e-07
5.25564887594895e-07
5.19717295148937e-07
5.60398610348932e-07
5.45236059365863e-07
5.96383701310684e-07
5.73615998737765e-07
5.89214815705287e-07
6.3256586516473e-07
6.16956665963603e-07
6.52846405414219e-07
4.44661622435931e-07
4.51935088465436e-07
4.43672960412765e-07
4.39848877590687e-07
4.47784831504387e-07
4.42542729475888e-07
4.43793930802762e-07
4.50388133545439e-07
4.41771732808071e-07
4.3476980313433e-07
4.32835569889037e-07
4.33911629848429e-07
4.36332583775899e-07
4.39003183993712e-07
4.45265742514797e-07
4.45447355578655e-07
4.45751320463708e-07
4.55193553174541e-07
4.64330886621323e-07
4.50704777789158e-07
4.55356910429452e-07
4.70609156310393e-07
4.77021386253678e-07
4.9932503379327e-07
5.09497949384204e-07
4.84125741424256e-07
4.9368653534886e-07
4.60336027545288e-07
4.79418518263154e-07
4.86970295362007e-07
4.63879242061509e-07
4.67092316562233e-07
4.7625020268876e-07
4.67959140328932e-07
5.34382194181402e-07
5.18087250679861e-07
5.61190793458927e-07
5.4937456056383e-07
6.17897250698736e-07
6.04019299938299e-07
5.78216949888864e-07
5.90546711423906e-07
6.3454453154896e-07
6.29034965990251e-07
6.52846405414219e-07
4.52784537462931e-07
4.58011883671441e-07
4.48278822836464e-07
4.57367855493542e-07
4.50520097264773e-07
4.57804143699671e-07
4.54160259346334e-07
4.49687875459553e-07
4.43483057354555e-07
4.4002897782753e-07
4.45538884282684e-07
4.47599004501363e-07
4.55569741690233e-07
4.54339873837459e-07
4.61530559409808e-07
4.58819791672608e-07
4.90178508375753e-07
4.70609156310393e-07
4.82181516210184e-07
5.05742771860043e-07
4.9598144715779e-07
5.12268012553567e-07
4.71766572923511e-07
4.86164139434008e-07
4.93361710936914e-07
4.73625430118223e-07
4.81087329827188e-07
5.337070760685e-07
5.24262151538687e-07
5.64706524032711e-07
5.52634809915694e-07
5.43528668491421e-07
6.14119310069895e-07
6.00077754185777e-07
5.77767073604709e-07
6.24482558405032e-07
6.39216279610497e-07
6.52846405414219e-07
4.67157642790166e-07
4.73183841789663e-07
4.61037341990889e-07
4.64950144265747e-07
4.63956741594097e-07
4.63063319296011e-07
4.69454891531806e-07
4.61985823600391e-07
4.55354397234459e-07
4.5207961340181e-07
4.54177530336102e-07
4.60868698692463e-07
4.68630467620172e-07
4.6276009190064e-07
4.67222515622109e-07
4.70771356206124e-07
4.76112678113635e-07
4.93566416296245e-07
4.96985533175241e-07
4.80171039038779e-07
4.89453328693463e-07
5.05437199868852e-07
5.15618178332249e-07
4.78073851555373e-07
4.79392382048959e-07
4.96301917885341e-07
4.83537600487092e-07
4.88073377818337e-07
5.26453513296458e-07
5.38766781589613e-07
5.61505606767377e-07
5.52448263811055e-07
5.99223795442007e-07
5.86001496498229e-07
6.06271898081491e-07
6.20298876373937e-07
6.36715618321261e-07
6.52846405414219e-07
4.77048826465889e-07
4.72838519961355e-07
4.82497313820716e-07
4.72186368036883e-07
4.76130510843293e-07
4.75112249083288e-07
4.78417379054159e-07
4.77552067380752e-07
4.64251853722804e-07
4.63352737233797e-07
4.73419831971995e-07
4.72553814295046e-07
4.7957353120977e-07
4.77604282541318e-07
4.79208646153786e-07
4.84699589440347e-07
4.96985533175241e-07
5.00476630911053e-07
5.0403395024479e-07
4.92528086036686e-07
5.01174661120297e-07
5.11198866443433e-07
5.06597251754076e-07
4.86400878488101e-07
4.98916442717477e-07
4.9531131562209e-07
5.31027309512645e-07
5.42175749817217e-07
5.24543253313537e-07
5.652785555498e-07
5.55286777601258e-07
5.76941533317102e-07
5.93668462727943e-07
6.12547841851011e-07
6.33154587679776e-07
6.52846405414219e-07
4.8755802368933e-07
4.86410334784989e-07
4.95372170860953e-07
4.86156854449127e-07
4.88930667322463e-07
4.83903253058594e-07
4.85697076640694e-07
4.75306750708966e-07
4.81085045128064e-07
4.85663297669908e-07
4.87233291981746e-07
4.88064797890713e-07
4.93402096494854e-07
5.18764941342952e-07
5.11302635839985e-07
5.34457444958951e-07
5.01456851223033e-07
5.10366724868375e-07
5.51070011135167e-07
5.12369893431435e-07
4.98331647830344e-07
5.07492121948375e-07
5.51890188950811e-07
5.38608726192708e-07
5.28316585728458e-07
5.06358938117531e-07
5.71874546721551e-07
5.63094257600883e-07
5.90289917640889e-07
6.03045870783212e-07
6.2268553844726e-07
6.38577445603656e-07
6.52846405414219e-07
4.96565735614146e-07
4.94983388938974e-07
5.01415020032857e-07
4.95792313445402e-07
4.9826146343553e-07
4.94603445813133e-07
4.95342968259807e-07
4.87506134863985e-07
4.9471362116262e-07
5.00125763896932e-07
4.97389723429753e-07
5.02121305219552e-07
5.2648200221441e-07
5.20484257793651e-07
5.41847074625053e-07
5.11474212731232e-07
5.23186830101771e-07
5.59716275890748e-07
5.68596152438983e-07
5.18668902932265e-07
5.14044869232403e-07
5.34037437383422e-07
5.43174838906371e-07
5.18394425106463e-07
5.10516505887786e-07
5.82756807498385e-07
5.59181464787243e-07
5.75676569389465e-07
5.99288830130198e-07
6.1328596075408e-07
6.33000128228155e-07
6.52846405414219e-07
5.05047773995831e-07
5.08655094958624e-07
5.08609591208224e-07
5.0458284772299e-07
5.05780050350779e-07
5.0150009143293e-07
5.04880672343143e-07
5.09688322400293e-07
5.07938401751233e-07
5.15390477666494e-07
5.35079190455648e-07
5.4448872767967e-07
5.21209764487293e-07
5.33571903253096e-07
5.70565039269946e-07
5.54907260748657e-07
5.69515458976057e-07
5.87198119476831e-07
5.31250141765192e-07
5.41829392590489e-07
5.29141646296473e-07
5.53228224271446e-07
5.65344942251659e-07
5.2434374742237e-07
5.89845397523153e-07
5.77045646080423e-07
6.13026101219745e-07
6.36978028424227e-07
6.52846405414219e-07
5.19785383981991e-07
5.24866236253083e-07
5.22122512885394e-07
5.15196471856972e-07
5.11410109043125e-07
5.15653835513737e-07
5.23254957048815e-07
5.15934307115745e-07
5.18269465209103e-07
5.30989143727576e-07
5.36566980575349e-07
5.47428950046263e-07
5.40045036236443e-07
5.5941152949267e-07
5.81367163631812e-07
5.71401196039094e-07
6.28988680506761e-07
6.07226124671528e-07
5.97012731812557e-07
6.52846405414219e-07
5.3536624108583e-07
5.43157029321887e-07
5.75488281619176e-07
5.59411705330611e-07
5.3536429537316e-07
6.06973149750613e-07
5.94591553634227e-07
6.30732953975397e-07
6.52846405414219e-07
5.34720961977249e-07
5.31616526734247e-07
5.25553801799053e-07
5.25517752518312e-07
5.33139173320648e-07
5.27239837825001e-07
5.44852494041353e-07
5.47191571160822e-07
5.54041920258877e-07
5.5249339903364e-07
5.73901113571362e-07
5.93078397075698e-07
5.92629628035215e-07
6.3924806653361e-07
6.17883827243742e-07
6.06697818255741e-07
6.52846405414219e-07
5.46778726175658e-07
5.48674785632971e-07
5.56824719629275e-07
5.8705155664147e-07
5.70109121689654e-07
5.55355175921278e-07
6.09485968512427e-07
5.99775736097407e-07
6.00206539874097e-07
6.33381064966183e-07
6.52846405414219e-07
5.44661304254144e-07
5.36402219699223e-07
5.35240508549906e-07
5.42488228917365e-07
5.4612615195348e-07
5.56281250419099e-07
5.59251982773783e-07
5.66577751894243e-07
5.63295655995455e-07
5.83567595082684e-07
6.02762469128411e-07
6.09606092540969e-07
6.3698336140843e-07
6.21233067276338e-07
6.52846405414219e-07
5.56242947236937e-07
5.7023900710411e-07
5.83941077449251e-07
5.71414121359075e-07
5.69028275748543e-07
6.05757193629198e-07
6.23156082617691e-07
6.38403662308387e-07
6.52846405414219e-07
5.50474138731527e-07
5.56063721586471e-07
5.46266930877435e-07
5.62775029177082e-07
5.66532365330809e-07
5.75087069471967e-07
5.73890439711069e-07
5.96830569207118e-07
5.89524660633709e-07
6.11152673300622e-07
6.18667393541686e-07
6.33419372013074e-07
6.52846405414219e-07
5.64753874495316e-07
5.86783547458677e-07
5.82005558477458e-07
5.78458593627412e-07
6.02519186266475e-07
6.18329000949165e-07
6.353971801428e-07
6.52846405414219e-07
5.64173759405934e-07
5.74347440110556e-07
5.78662594420111e-07
5.8826196011142e-07
6.0515962983873e-07
6.0126408250559e-07
6.18304884156782e-07
6.2821514503877e-07
6.52846405414219e-07
5.77767941770864e-07
5.94313999602368e-07
5.92793151198123e-07
5.91346512317215e-07
6.08131197961983e-07
6.32729320417755e-07
6.52846405414219e-07
5.82152369071658e-07
5.92501285479508e-07
6.07554842742871e-07
6.16597949401933e-07
6.34056058984472e-07
6.52846405414219e-07
5.95751882147365e-07
6.05735537111002e-07
6.04449540630183e-07
6.20811928993692e-07
6.37356617266617e-07
6.52846405414219e-07
6.03588502233823e-07
6.21431189989458e-07
6.34057611380947e-07
6.52846405414219e-07
6.1278023780278e-07
6.2234479956925e-07
6.23623172589106e-07
6.52846405414219e-07
6.27143632685384e-07
6.52846405414219e-07
6.33532784772145e-07
6.38211901766364e-07
6.52846405414219e-07
6.52846405414219e-07
6.52846405414219e-07
