4.92980177681209e-10
4.92980177681209e-10
4.92980177681209e-10
4.92980177681209e-10
4.92980177681209e-10
4.92980177681209e-10
4.92980177681209e-10
4.92980177681209e-10
4.92980177681209e-10
5.31425619312117e-10
5.38548745879279e-10
4.92980177681209e-10
5.43488726153604e-10
5.72283247509385e-10
4.92980177681209e-10
4.92980177681209e-10
5.3106290156431e-10
5.32625202444947e-10
5.5120476901707e-10
4.92980177681209e-10
4.92980177681209e-10
5.43422654763355e-10
5.73477226856e-10
5.36924544076739e-10
5.36924544076739e-10
5.80976708560686e-10
6.08564406403394e-10
5.80976708560686e-10
5.91883774998232e-10
6.11744750956656e-10
6.48662658396591e-10
5.43721710121252e-10
4.92980177681209e-10
4.92980177681209e-10
4.92980177681209e-10
5.63666263363284e-10
5.83985393108054e-10
5.96881426242437e-10
6.20160078344462e-10
6.20185461270018e-10
5.81121349912803e-10
6.02625940603125e-10
6.36199078891112e-10
6.08564406403394e-10
6.36194720677984e-10
6.69407630543331e-10
6.69407630543331e-10
6.60933677255683e-10
7.08323707261832e-10
6.69540021451266e-10
4.92980177681209e-10
5.47560584520107e-10
4.92980177681209e-10
4.92980177681209e-10
4.92980177681209e-10
4.92980177681209e-10
4.92980177681209e-10
4.92980177681209e-10
4.92980177681209e-10
4.92980177681209e-10
5.74403506620068e-10
5.62175925254734e-10
6.46823988717151e-10
5.61564820048594e-10
6.05989673913785e-10
6.43987257874938e-10
6.78758743693386e-10
6.3419510826598e-10
6.51216944914402e-10
6.87566642807108e-10
6.75141269017517e-10
6.75982759579634e-10
6.69407630543331e-10
7.13788012276588e-10
7.13788012276588e-10
7.31149158132418e-10
7.58279440915446e-10
7.30266386410766e-10
7.69704410539334e-10
7.468293748186e-10
8.83160564094381e-10
5.74719587300825e-10
5.42964479777848e-10
4.92980177681209e-10
5.67135787079262e-10
5.62904279365956e-10
5.42596964390086e-10
5.75815396372502e-10
5.69970159974413e-10
5.70510341729907e-10
5.71183993912039e-10
5.32845259168892e-10
5.32896264091159e-10
4.92980177681209e-10
4.92980177681209e-10
6.28343564030294e-10
6.20120303539064e-10
7.02156499569817e-10
6.64698617256349e-10
6.36637092009619e-10
6.81633798136912e-10
6.95481141712133e-10
7.3041776370817e-10
7.36515325562623e-10
7.13812977916475e-10
7.52149696494238e-10
7.44496099711536e-10
7.57178473379552e-10
7.84738510246117e-10
7.58279440915446e-10
7.85734781444194e-10
8.12657464673899e-10
8.25796900452601e-10
8.95191321507182e-10
8.57701769817831e-10
8.46121476579621e-10
8.39418833638403e-10
9.36740506535717e-10
1.06270804258552e-09
6.09992352479256e-10
5.93088343252491e-10
7.00697780312951e-10
6.41878945658695e-10
6.17966727174763e-10
6.09095522746583e-10
6.09969970856508e-10
6.27771053089387e-10
6.35995013548059e-10
6.34913976104491e-10
6.1916220895872e-10
6.59526739992157e-10
5.77676645613748e-10
5.31074417924343e-10
6.67959070991315e-10
5.41232853734638e-10
4.92980177681209e-10
6.94589404513624e-10
7.55503961423651e-10
8.09684840527789e-10
8.01961517927246e-10
7.6646686496855e-10
7.65640755633356e-10
7.2803078931986e-10
7.65231678329041e-10
8.31018711178262e-10
7.95994059753176e-10
8.88485403765863e-10
8.35258909506109e-10
8.7109697290123e-10
1.01728811492651e-09
9.07590209402985e-10
9.12456778875711e-10
1.01503356698771e-09
9.50689202504533e-10
9.6790115566392e-10
1.04133115892651e-09
1.15173891424198e-09
1.28475990197423e-09
6.81094979208757e-10
7.03100130298747e-10
7.59402062841342e-10
6.81756307126009e-10
7.4497415466046e-10
6.72991264339913e-10
6.61923533563428e-10
6.85357183443539e-10
7.05879801110597e-10
7.05983963065319e-10
7.40118535394404e-10
7.55855634360523e-10
7.38751780746369e-10
7.01884203327437e-10
6.3604840093888e-10
5.80976708560686e-10
7.7453398668733e-10
8.66358522782582e-10
9.70774012095481e-10
8.44593863952728e-10
8.55220342317089e-10
8.11297588257635e-10
8.44171340529254e-10
9.37803168757783e-10
9.21515569201235e-10
1.01580573564567e-09
1.00077483569396e-09
1.02135412316118e-09
1.11970672054849e-09
1.14173805561918e-09
1.05858530210186e-09
1.06975507394331e-09
1.12952841853287e-09
1.20924333098448e-09
1.35500867156785e-09
1.44289661062459e-09
1.51151914663534e-09
7.77761816013933e-10
8.62260120647577e-10
9.61790542524219e-10
8.22363750734572e-10
7.42535954516388e-10
7.35312106894365e-10
7.5906426184708e-10
7.7792961265188e-10
8.1198763308255e-10
8.27802248028463e-10
8.81879117211809e-10
8.22654794748207e-10
7.63731958893365e-10
7.13788012276588e-10
6.69407630543331e-10
9.05027455182435e-10
9.76839640455225e-10
1.09960027325578e-09
9.66222520512828e-10
9.39042059046346e-10
1.02885316039387e-09
1.20158137569734e-09
1.08904624135694e-09
1.21563842313366e-09
1.09314734045117e-09
1.18354670689075e-09
1.28475990197423e-09
1.30105082333914e-09
1.2428543563499e-09
1.27786703081301e-09
1.30048283736813e-09
1.31313512622341e-09
1.62534380019428e-09
1.40085933857005e-09
1.48709645403867e-09
1.56839414462889e-09
8.90061163884268e-10
1.00642035670263e-09
1.09803940760307e-09
9.46215587767857e-10
8.75271736025788e-10
9.12713277224934e-10
8.73979057136925e-10
8.50786341070078e-10
9.03232608716809e-10
9.6032088445664e-10
1.02686907678091e-09
9.92428042419044e-10
9.32463214469595e-10
8.85285729537826e-10
8.29957709225162e-10
7.58279440915446e-10
1.06552071007229e-09
1.14491522218453e-09
1.2664430416986e-09
1.09085971181833e-09
1.14953974615806e-09
1.22413806849759e-09
1.34320192622643e-09
1.2960214926851e-09
1.38135928316354e-09
1.24525546313214e-09
1.33525623316357e-09
1.40956101308497e-09
1.5200797852208e-09
1.46534464318917e-09
1.43943367818128e-09
1.42662115562849e-09
1.7394682650827e-09
1.54060219682655e-09
1.45819960733794e-09
1.52096433908686e-09
1.68236840810583e-09
1.54245965213559e-09
1.62534380019428e-09
1.82961049956937e-09
1.084593802851e-09
1.18683258301581e-09
1.08087170487638e-09
1.01434007294823e-09
9.79171460849021e-10
9.80350789975432e-10
1.11525397202145e-09
1.03319966153917e-09
1.09854029903246e-09
1.13832213074788e-09
1.04253416654173e-09
1.02303914164979e-09
9.72819841085345e-10
8.83160564094381e-10
1.27428706777343e-09
1.30324569713792e-09
1.43706077174281e-09
1.27648565703867e-09
1.37591158203852e-09
1.46726713411037e-09
1.44279304872291e-09
1.51568608453206e-09
1.54770291532833e-09
1.36892846529435e-09
1.39155602642736e-09
1.48520287612358e-09
1.59847651209078e-09
1.69940170817412e-09
1.64818284617548e-09
1.64712761711703e-09
1.57902227873073e-09
1.61666999327603e-09
1.67296875888668e-09
1.96862618711452e-09
1.68100368714146e-09
1.72417682346307e-09
1.81751868440501e-09
1.78257777540575e-09
2.02489098829849e-09
1.15040149607119e-09
1.25848746132495e-09
1.50148146924441e-09
1.62378843424223e-09
1.12663043175772e-09
1.29222916229974e-09
1.24765232447575e-09
1.26152356458983e-09
1.16441595733355e-09
1.26782936318229e-09
1.29460228591762e-09
1.28034138614132e-09
1.19286511524597e-09
1.06270804258552e-09
1.59344310629101e-09
1.42552028647243e-09
1.5235387383407e-09
1.47864471952369e-09
1.53284255005541e-09
1.65389554168914e-09
1.70397939517453e-09
1.70664051318815e-09
1.56429077245429e-09
1.63438173570219e-09
1.63421377314264e-09
1.82523511014623e-09
1.78901359549304e-09
1.82848310017496e-09
2.19901234984296e-09
1.96713903767794e-09
1.83523246355323e-09
1.76607017023312e-09
1.79789685445537e-09
1.89035392211602e-09
1.94456542306986e-09
2.14254918888718e-09
1.93237885176936e-09
1.96247072202191e-09
2.13364038282076e-09
2.04245491851736e-09
1.35924124860279e-09
1.50154988068906e-09
1.74692161652236e-09
1.62435970667234e-09
1.33410589975677e-09
1.42914361470904e-09
1.36460361228913e-09
1.39785850542362e-09
1.41331100280605e-09
1.47231540753597e-09
1.5056095320608e-09
1.63899798670973e-09
1.39799195388448e-09
1.28475990197423e-09
1.67902378534297e-09
1.75552172768286e-09
1.66511846321395e-09
1.65672625277627e-09
1.64700394987839e-09
1.83752438346369e-09
1.87870599057766e-09
1.92609511722305e-09
1.81266025117266e-09
1.76753040669883e-09
1.79980318625911e-09
1.93790746849744e-09
2.020226235497e-09
1.95778791322276e-09
2.01749115883083e-09
2.25680313077208e-09
2.31467223900047e-09
2.43064671693495e-09
2.14967343420931e-09
2.01422413370125e-09
1.99625597957579e-09
2.06085392004624e-09
2.10432793608432e-09
2.25376985268888e-09
2.1246773234876e-09
2.27327802552498e-09
2.21853350314907e-09
1.98505169338679e-09
1.55684133894259e-09
1.76993553191943e-09
1.46759037149202e-09
1.62325917113731e-09
1.51778812837267e-09
1.59030459852313e-09
1.69079292913829e-09
1.5597948821362e-09
1.67456837554956e-09
1.53081045749595e-09
1.75177438758663e-09
1.51151914663534e-09
1.82082037489889e-09
1.9383164106297e-09
1.85391953275015e-09
1.83260926105325e-09
1.99444025466106e-09
2.05749663221281e-09
2.11597198946714e-09
2.168642045654e-09
1.98602721978401e-09
1.93572466034448e-09
2.12647589773532e-09
2.16695973241912e-09
2.14941241935495e-09
2.19745270727759e-09
2.30256016192232e-09
2.70218568448768e-09
2.43560311222812e-09
2.62763018857452e-09
2.27919407020312e-09
2.16631585105686e-09
2.24728499935178e-09
2.43064671693495e-09
2.36477000257061e-09
2.37530364852529e-09
2.44434058858021e-09
2.13344606459561e-09
1.96169704718191e-09
1.77523607582032e-09
1.62676503452582e-09
1.76710931470748e-09
1.69803173094003e-09
1.7801075274107e-09
1.88661274500817e-09
1.77853715749531e-09
1.90696886844626e-09
1.90077634521898e-09
1.7394682650827e-09
2.07578938383949e-09
1.99919925821052e-09
2.03563991435379e-09
2.13584735140218e-09
2.2515186500572e-09
2.17163604822779e-09
2.20746741682064e-09
2.32424834479424e-09
2.27585709223393e-09
2.35812851359085e-09
2.28773857330078e-09
2.36593095043073e-09
2.2832069956761e-09
2.09480834665375e-09
2.20815670622798e-09
3.00665455812523e-09
3.36169647068767e-09
2.35291935182899e-09
2.33305092749094e-09
2.36171789008118e-09
2.47778995232713e-09
2.92561764348381e-09
2.60876736382674e-09
2.75610705133498e-09
2.41056734374159e-09
2.47436488678819e-09
2.55794291230906e-09
2.55290098385333e-09
2.63386803267845e-09
2.15642368885671e-09
2.05160478797528e-09
1.98798175981496e-09
1.84771099849612e-09
1.86152986145742e-09
1.96704317671315e-09
2.05731546382842e-09
2.02987214379221e-09
2.09798943034626e-09
2.0864827265358e-09
1.96862618711452e-09
2.35799990731229e-09
2.53468533069261e-09
2.31957736845223e-09
2.24251005488328e-09
2.38935412199268e-09
2.45961509343862e-09
2.36289235413126e-09
2.46247120690264e-09
2.51386307653725e-09
2.46129196917458e-09
2.43235811396714e-09
2.54232302068599e-09
2.44046742388101e-09
2.32137151657868e-09
2.48799847821756e-09
3.57454809969902e-09
3.17127615884146e-09
3.46804694603786e-09
2.50074528917309e-09
2.5989054600331e-09
2.74175343086594e-09
3.12399155397006e-09
2.82568118731371e-09
3.02273175880296e-09
2.6652226407379e-09
2.63691283400614e-09
2.71477063280759e-09
2.81993118613911e-09
2.80267032070214e-09
2.81721007154935e-09
2.32823412341436e-09
2.19987823329873e-09
2.15470100802738e-09
2.14128720210074e-09
2.1072289572996e-09
2.20282752523263e-09
2.19529059861986e-09
2.25425036143241e-09
2.31467223900047e-09
2.25680313077208e-09
2.19901234984296e-09
2.50462646801209e-09
2.47435629298854e-09
2.70218568448768e-09
2.75078809439522e-09
2.43678045063482e-09
2.63087911300145e-09
2.67897586362939e-09
2.58652541028657e-09
2.72073380917967e-09
2.9172000664283e-09
2.65902359708079e-09
2.66122394819549e-09
2.60328134337132e-09
2.73977310226803e-09
2.71487059664356e-09
2.60888584519665e-09
3.78800501560098e-09
3.68120057393887e-09
3.54545316430756e-09
3.00454230241607e-09
2.75539600853539e-09
2.93103284641253e-09
3.30803731554273e-09
3.07952941887009e-09
2.83531903458348e-09
3.0384984668852e-09
3.03014797249536e-09
3.11159507294748e-09
2.336517765192e-09
2.29590012804624e-09
2.39656581798906e-09
2.37285549904372e-09
2.63049716009967e-09
2.57992261916142e-09
2.41018621003495e-09
2.46634120218887e-09
2.37261999387911e-09
2.31467223900047e-09
2.75686097478243e-09
2.82998876351162e-09
2.86151701316742e-09
2.9197819731195e-09
2.9796617884352e-09
2.75088995424038e-09
2.92370610789372e-09
2.850990803048e-09
2.99191017137867e-09
3.14670965053402e-09
2.91475453196805e-09
2.9156545994675e-09
2.89590687899093e-09
2.96918999963823e-09
3.00651278198076e-09
4.00207241172031e-09
4.2258189306187e-09
3.95653690368917e-09
3.66260374941852e-09
3.22771017909174e-09
3.12483474914535e-09
2.93521095335902e-09
3.37914366583784e-09
3.21569841413157e-09
3.73040079064741e-09
3.35492134224283e-09
3.371251836231e-09
2.48619355012317e-09
2.69341163271229e-09
2.5609390307734e-09
2.54680421931604e-09
2.81307845962673e-09
2.60046922854427e-09
2.56225196355523e-09
2.43064671693495e-09
3.0607459654139e-09
3.08640679477087e-09
3.16007458261867e-09
3.31937360613465e-09
3.08562728850794e-09
3.12720204219623e-09
3.182892524441e-09
3.1835430019841e-09
3.41796936915104e-09
3.16221274733045e-09
3.27754296785146e-09
3.12991411680058e-09
3.1754028588588e-09
3.19406087816009e-09
4.35153691509247e-09
4.4774466182001e-09
4.72984470623141e-09
4.50876921435686e-09
4.26207258984544e-09
3.99979285798817e-09
4.1187345786085e-09
3.5202387470669e-09
3.35617950652042e-09
3.33559974353491e-09
3.62978004316167e-09
3.92659523797035e-09
4.24467962304607e-09
3.647406287608e-09
3.66951609374606e-09
3.83720889877341e-09
2.69889584129353e-09
2.88269467810135e-09
2.80707837949003e-09
2.70566922893863e-09
3.0933168929081e-09
3.27041098249795e-09
2.78761497406918e-09
3.00665455812523e-09
2.70218568448768e-09
5.00391493851424e-09
3.30297839087906e-09
3.33085660382982e-09
3.56709065306138e-09
3.5838031245479e-09
3.46126789213687e-09
3.36175205712938e-09
3.34890042264911e-09
3.44852050979071e-09
3.61607540259628e-09
3.73584075826998e-09
3.78265635789777e-09
3.69553822240883e-09
3.38430279413736e-09
3.58698495250396e-09
3.373943502084e-09
3.51054582105457e-09
3.45424407022384e-09
4.78842780788567e-09
4.62653753224328e-09
4.41517787790115e-09
4.51936277508716e-09
3.63312345179793e-09
3.81824450212607e-09
3.78565572711846e-09
4.01414656940966e-09
4.53804950488068e-09
4.20037645249821e-09
4.124651345938e-09
2.9523974599562e-09
3.14543430526777e-09
3.00825997430238e-09
3.07162487893799e-09
3.45037588189758e-09
3.46986342523367e-09
3.78403696851691e-09
3.28584459238214e-09
3.17288848600803e-09
3.00665455812523e-09
5.14348473067054e-09
5.28327133293024e-09
5.87711252369708e-09
3.70494798830681e-09
3.63862499268352e-09
3.94328859810146e-09
3.98997047655514e-09
3.69230355199128e-09
3.61420681967048e-09
3.81297618017784e-09
4.14059163312432e-09
4.2386170586604e-09
4.08794115115792e-09
3.93278384639498e-09
4.00999287804759e-09
3.7923532878315e-09
3.88693002580989e-09
3.7124053842609e-09
3.80057955649169e-09
5.08630060478538e-09
5.12129242058018e-09
4.92397231682214e-09
4.81112216659363e-09
3.97141667332206e-09
4.12869931675017e-09
4.09975803627045e-09
4.38512102691332e-09
4.48148643662012e-09
4.8973266703371e-09
4.37756585190733e-09
4.43384525118696e-09
3.30667168283269e-09
3.2602167692843e-09
3.66672527973499e-09
4.12432125229012e-09
3.80018397404224e-09
4.07315263534078e-09
3.57454809969902e-09
3.57454809969902e-09
3.36169647068767e-09
5.57045012009489e-09
6.03630565425327e-09
6.20307086861284e-09
6.57548657642181e-09
4.08048228810397e-09
4.24362450896797e-09
4.86376028084012e-09
4.38479986723504e-09
4.01064696273368e-09
4.25584617218308e-09
4.55856099342884e-09
4.48175507303983e-09
4.24247397720647e-09
4.31541094159819e-09
4.26494646377063e-09
4.3771300906656e-09
4.11808307425862e-09
4.03054870457824e-09
4.03632961952789e-09
5.65297686962699e-09
5.2722642994436e-09
5.56192596701154e-09
5.19067676541576e-09
5.2680869683135e-09
4.50608717861041e-09
4.65393091958708e-09
4.9940007506206e-09
4.68022311615349e-09
5.1733338095222e-09
4.83812964369222e-09
4.7836565144214e-09
3.53166318210363e-09
3.92940058770843e-09
4.44057542961827e-09
4.39688182537454e-09
4.16829314488738e-09
3.85097172562952e-09
3.95187474225005e-09
4.00207241172031e-09
3.78800501560098e-09
6.05524077272861e-09
6.38245260319429e-09
7.40107903908368e-09
6.98695554422966e-09
4.57059031375645e-09
4.58712386727013e-09
5.36786658105858e-09
5.39807143385189e-09
4.95453297230754e-09
4.4011320176827e-09
4.55939700270605e-09
4.92033171284244e-09
4.79760966205594e-09
4.89790531098825e-09
4.58264348890049e-09
4.60859071316075e-09
4.78373361618933e-09
4.47215600376424e-09
4.52371669503468e-09
4.41695846926257e-09
4.83091692468597e-09
4.81508208110361e-09
6.45332589771882e-09
5.95505906023412e-09
5.60006709483732e-09
5.54696687846291e-09
5.60592126216704e-09
5.04259199621635e-09
5.53009494981538e-09
5.35911802411639e-09
5.17657248755554e-09
3.99329507677151e-09
4.31963890928502e-09
4.74645478343746e-09
4.95280245995105e-09
4.74371315421673e-09
4.65564849922908e-09
4.2356925687697e-09
4.37147951683655e-09
4.2258189306187e-09
6.58333268603485e-09
7.81654439304503e-09
7.57744567331362e-09
7.16806509817562e-09
4.92596004946151e-09
4.94067998558526e-09
5.61614678836876e-09
5.8209715997502e-09
5.7255842324795e-09
5.317699879889e-09
4.69583445598469e-09
5.28625778728957e-09
5.2048794803469e-09
4.92515701797603e-09
4.98445031157149e-09
5.02858566960617e-09
5.13592212489064e-09
4.94844690212116e-09
5.21583733478364e-09
5.28307819371375e-09
6.9121806801273e-09
6.51569696718692e-09
6.18098049714907e-09
5.93492473315502e-09
5.91166144319097e-09
5.64317807014645e-09
5.84961413407368e-09
5.63924277576741e-09
6.03331966843946e-09
4.44308595031683e-09
4.65073292885884e-09
5.00582651032496e-09
5.17668052190291e-09
5.2997284685061e-09
5.11341400581441e-09
4.71608683260253e-09
4.82714814270995e-09
4.4898492416458e-09
7.30367500559345e-09
8.23336473509798e-09
8.02478436163826e-09
7.81654439304503e-09
8.14928296331084e-09
8.56432103053134e-09
5.26834273294861e-09
5.47940005381371e-09
5.73455089822697e-09
6.06622898311255e-09
6.12484590006287e-09
6.3943164640998e-09
5.79110215304443e-09
5.65910305033731e-09
5.23315013901912e-09
5.48306464782785e-09
5.54083810209437e-09
6.20380132596783e-09
5.45145192445447e-09
5.38311895124679e-09
5.53740086336719e-09
5.58759147031324e-09
5.63482548200699e-09
5.6624151056859e-09
6.9672274204467e-09
7.38718216214824e-09
6.53499767727414e-09
6.44540704559721e-09
6.29773207907342e-09
6.29831390156279e-09
6.59055503575491e-09
4.96302028140664e-09
5.37285750700544e-09
5.52284588273102e-09
5.78494710130212e-09
5.52055006437302e-09
5.10730977884162e-09
5.24710083451737e-09
4.75472802670043e-09
8.25045720768891e-09
9.09715487892044e-09
8.62304787230029e-09
9.20704133517702e-09
5.87957242974496e-09
5.94109152863881e-09
6.18438464704482e-09
6.2861558004706e-09
6.63960548755399e-09
6.8933221195628e-09
6.75206520265947e-09
6.04735391391086e-09
5.8077933209312e-09
5.98095562933175e-09
6.89561725677514e-09
6.58930618723147e-09
5.87222061615719e-09
5.94411758548026e-09
6.15344645964878e-09
6.00859466253917e-09
6.23263248945247e-09
7.09746609547565e-09
7.67159462714806e-09
7.89700880544669e-09
7.06026804551905e-09
6.89967483736894e-09
7.11505676370459e-09
7.17195592717068e-09
5.64130070572395e-09
5.76294841722882e-09
6.040277387974e-09
6.55516013740818e-09
6.01714549782144e-09
5.77702279839664e-09
5.64581624282722e-09
5.33836308506259e-09
8.48790045141642e-09
8.8810549131597e-09
9.99320599857243e-09
9.79239138419969e-09
9.20293030116983e-09
6.38369416648128e-09
6.59123393232061e-09
6.55866822851441e-09
6.7773423805073e-09
7.06770458019538e-09
7.40112095682518e-09
7.22516207078242e-09
7.3746973711216e-09
7.58441380459256e-09
6.6020217192242e-09
6.55967778217436e-09
6.57548657642181e-09
7.47742420706842e-09
6.32283324197098e-09
6.44122948126581e-09
6.97262248985023e-09
6.53468473433596e-09
7.05921832438049e-09
6.85313427927724e-09
7.72892674900188e-09
8.38733679838685e-09
7.48959297526517e-09
8.06722295866184e-09
8.07390064095534e-09
7.69622392734631e-09
7.8286235307333e-09
8.10218299199567e-09
7.12911311377233e-09
6.0541888084244e-09
6.27614935725809e-09
6.83442933570687e-09
6.14296158507158e-09
5.96809630247542e-09
8.91816509469292e-09
9.22493256351246e-09
9.24060334465817e-09
9.54290585865744e-09
1.0646977003003e-08
1.01840179411011e-08
9.97346040784792e-09
6.90616752899867e-09
7.29252003684323e-09
7.88371848911923e-09
7.4663479427859e-09
7.61552541672623e-09
8.01932826827371e-09
8.04073695041587e-09
8.01200366992259e-09
7.1452306026756e-09
7.16742346235773e-09
7.82112457123073e-09
7.01504763896272e-09
7.46825929555432e-09
7.59878361696494e-09
7.52350726214208e-09
7.30598581287808e-09
7.40406909639192e-09
8.52627742082739e-09
8.39045566788513e-09
8.52680811264278e-09
9.15378245544179e-09
8.53612252598201e-09
8.67877659987109e-09
7.73994093424544e-09
6.56767352085947e-09
6.54134109281706e-09
6.89118884323806e-09
7.86773065254274e-09
7.533235277671e-09
6.8275251467712e-09
6.32585060354075e-09
9.54148725523441e-09
9.75052984414451e-09
1.02573199779324e-08
1.13277050444219e-08
1.09641223892028e-08
1.06177127801479e-08
8.3959135270472e-09
7.74655510103403e-09
8.40123562301244e-09
8.15580477415295e-09
8.34506874982296e-09
8.69984668682483e-09
9.00060041054022e-09
8.64475539541607e-09
8.35828295455047e-09
7.83733341884418e-09
8.40863145741726e-09
7.74861840724666e-09
7.98685503505764e-09
8.09926639115339e-09
8.01041765384258e-09
7.99398690592006e-09
9.0767982879657e-09
8.9888219239985e-09
9.6989675798107e-09
9.53358527503519e-09
9.31747848022908e-09
9.29324385695765e-09
8.56039449222575e-09
8.35173149531626e-09
7.22434362041199e-09
7.46940087739257e-09
8.00199409649761e-09
7.3416979968343e-09
6.73651470476372e-09
1.00818429515917e-08
1.04312915584042e-08
1.03603557134426e-08
1.09029282657962e-08
1.15065935836109e-08
1.20656682955338e-08
1.14237515086031e-08
8.9455513153362e-09
9.10888612935944e-09
8.57800861131462e-09
9.10240182546941e-09
9.10902754408856e-09
8.93216154890273e-09
9.66335006005903e-09
9.53500659104589e-09
9.1577074459329e-09
9.43530006148224e-09
8.91361963721265e-09
8.96280845579839e-09
8.48621514272456e-09
8.39103219185919e-09
8.57825848325558e-09
8.63736328470546e-09
9.55869148991802e-09
9.75758533156011e-09
1.0497468269559e-08
1.0099008332777e-08
1.02246991935437e-08
9.88967246709513e-09
9.0355483821405e-09
9.61152321583502e-09
8.78963025768497e-09
7.70570318337332e-09
7.9752321670038e-09
7.82349957909854e-09
7.60536423994389e-09
1.08466428151963e-08
1.11705870884408e-08
1.13937620982325e-08
1.16079214966861e-08
1.17768732690225e-08
1.20322101627957e-08
1.28073530660176e-08
1.23924805554935e-08
1.3552816232682e-08
1.22493734887981e-08
9.85599606781239e-09
9.44225896326903e-09
9.55943708534349e-09
1.01696418570962e-08
1.01460994397338e-08
1.01277879333638e-08
1.04129700987928e-08
9.96983348012653e-09
1.05283599599527e-08
9.79129419265056e-09
9.5581521865555e-09
1.02749960125509e-08
9.60336489870032e-09
9.32686018160289e-09
9.61289924276023e-09
9.09514067136411e-09
9.32366591453947e-09
9.6456691334388e-09
1.03628246129188e-08
1.06507845155197e-08
1.05130586880883e-08
1.04496509797754e-08
1.08405048383737e-08
1.1051623494631e-08
1.18057797779747e-08
1.07644965470687e-08
1.08542898418859e-08
9.61540913218659e-09
1.02222935812519e-08
8.95516138212147e-09
9.50503147530556e-09
8.4512229714661e-09
8.16071351738708e-09
8.04200788292913e-09
1.16776773456472e-08
1.19135362999653e-08
1.21374359963886e-08
1.23955762904309e-08
1.31796087384633e-08
1.29936267617242e-08
1.39353718502586e-08
1.43444928832999e-08
1.30101660526711e-08
1.07169288973875e-08
1.04157624622291e-08
1.06649593737731e-08
1.07422846446895e-08
1.07034310781368e-08
1.10332095614198e-08
1.12170677164028e-08
1.1082570740355e-08
1.0485521956813e-08
1.01930955445859e-08
1.08464289932842e-08
9.99405043630879e-09
9.99544687370439e-09
9.68898665309858e-09
1.02089512687336e-08
1.06624111648553e-08
1.06052176430861e-08
1.10690961800603e-08
1.11722900716333e-08
1.12517110649174e-08
1.17079980457059e-08
1.24867623044397e-08
1.23339487002234e-08
1.13562975129354e-08
1.17519697572651e-08
1.17929137327223e-08
1.15347611301229e-08
1.11517391577717e-08
1.06055412159164e-08
9.99847206544409e-09
9.28943887517585e-09
9.85589867849476e-09
8.9363831216164e-09
8.48015107968651e-09
1.25237153557403e-08
1.31259937353849e-08
1.35670580757498e-08
1.30843672218091e-08
1.31029771500323e-08
1.39383175408556e-08
1.47602458068024e-08
1.52030812950179e-08
1.61170411376556e-08
1.43143669775556e-08
1.42824020628644e-08
1.12678366276773e-08
1.11459112922686e-08
1.13077605192834e-08
1.16040539185636e-08
1.18359752451242e-08
1.1849877210922e-08
1.18229234944638e-08
1.13996376364961e-08
1.11436164700085e-08
1.09887999144846e-08
1.06749821336325e-08
1.13189277152914e-08
1.15700974396314e-08
1.18123422787278e-08
1.1858191048801e-08
1.20224153474024e-08
1.26021335909545e-08
1.21672888981761e-08
1.3174933014384e-08
1.29838021299666e-08
1.23302405697745e-08
1.27903363013823e-08
1.22882847892736e-08
1.18512719312337e-08
1.14729218096887e-08
1.06056615088758e-08
9.67937227967411e-09
1.03422258139428e-08
9.40514669430798e-09
1.34503983029638e-08
1.38934760989431e-08
1.38768363909151e-08
1.37090975536148e-08
1.70384642421003e-08
1.53954036105923e-08
1.65771393858291e-08
1.54284183506459e-08
1.50165849399896e-08
1.4755406907696e-08
1.19410141056292e-08
1.17710394836879e-08
1.20495620286429e-08
1.25180691077254e-08
1.26119538842626e-08
1.2705555400747e-08
1.25984802259458e-08
1.24990925017344e-08
1.18895361814545e-08
1.16317765694098e-08
1.21680377339087e-08
1.22647812576008e-08
1.24688689045582e-08
1.29028904836649e-08
1.28112351626102e-08
1.33511495001616e-08
1.33846778322968e-08
1.42203053071907e-08
1.36679340551689e-08
1.31553307603787e-08
1.32204348309044e-08
1.36691044971337e-08
1.33654026966089e-08
1.29633079901341e-08
1.25560697400843e-08
1.2125417133194e-08
1.1554744490934e-08
1.10252216086186e-08
1.03476224519438e-08
1.4320173016433e-08
1.47548492796277e-08
1.50685795146038e-08
1.4864578474556e-08
1.49887884791049e-08
1.73934570492616e-08
1.79796489848049e-08
1.68154073593184e-08
1.59078789928977e-08
1.55604945393981e-08
1.54962135890196e-08
1.27891030102933e-08
1.25436700163486e-08
1.33690858739222e-08
1.32139235534876e-08
1.33425302096163e-08
1.34369883302822e-08
1.31236235779545e-08
1.36094748315459e-08
1.29677910634199e-08
1.28124214862099e-08
1.28670989812563e-08
1.29940142613089e-08
1.35127376262323e-08
1.36729649535594e-08
1.39314115487326e-08
1.43016029524989e-08
1.40923736787416e-08
1.44597815445996e-08
1.45955254063675e-08
1.47853466841709e-08
1.40084911608317e-08
1.40803224558175e-08
1.36783898369363e-08
1.32438757856874e-08
1.28773454602109e-08
1.24143029651853e-08
1.17741016776504e-08
1.13196962638767e-08
1.56509934044134e-08
1.89587030358255e-08
1.55390186609079e-08
1.59630173927043e-08
1.60666745571569e-08
1.62943991407617e-08
1.81524118429482e-08
1.69822534827435e-08
1.77786731540755e-08
1.68167325494836e-08
1.35264070163063e-08
1.41601637349512e-08
1.39738616555858e-08
1.42711980388955e-08
1.39974878342474e-08
1.45114997077042e-08
1.35776874995617e-08
1.35592264201148e-08
1.37021556460596e-08
1.42704304313886e-08
1.44248029964407e-08
1.44101048025793e-08
1.49513354467524e-08
1.49895872151104e-08
1.52772102493819e-08
1.50897850943933e-08
1.62332162031265e-08
1.49634370787816e-08
1.54254750826526e-08
1.55612266664722e-08
1.48069150470604e-08
1.47951792947982e-08
1.46242565081047e-08
1.39753465567677e-08
1.35094094073469e-08
1.30902285899616e-08
1.23882260809258e-08
1.99766431483485e-08
1.66937257404961e-08
1.71709765856247e-08
1.94669731842987e-08
1.68229869705601e-08
1.71090254427034e-08
1.72086102369244e-08
1.88566291230661e-08
1.76430429713043e-08
1.84361567983855e-08
1.78826477884564e-08
1.45267017679037e-08
1.50720375673759e-08
1.49121659822259e-08
1.47969534179106e-08
1.530761425868e-08
1.53749240985258e-08
1.4860549565205e-08
1.56614925955851e-08
1.50131635779451e-08
1.50181566547576e-08
1.55506762324478e-08
1.59313193517218e-08
1.72589159122433e-08
1.63243123704678e-08
1.71390044557746e-08
1.61375481600134e-08
1.61897648552224e-08
1.59299948519018e-08
1.5475099844835e-08
1.53376423662964e-08
1.46975956430412e-08
1.43165242779706e-08
1.38330733143923e-08
1.34645933143922e-08
2.0371651833139e-08
2.1039979112831e-08
1.7962689553234e-08
1.77612547832369e-08
1.80675692100499e-08
2.05041497096338e-08
1.81477069443116e-08
1.85409830465841e-08
1.96253262521021e-08
1.85834454518015e-08
1.87454211039488e-08
1.54270190331753e-08
1.59715844349614e-08
1.58149570106907e-08
1.57317651831096e-08
1.60232700151219e-08
1.62401904968006e-08
1.68274713175295e-08
1.69323268055636e-08
1.66170453720669e-08
1.6159064041083e-08
1.60685507160228e-08
1.64089559321431e-08
1.65600689358469e-08
1.71067488486645e-08
1.70998593274693e-08
1.81251486616957e-08
1.78645876271791e-08
1.71797057982754e-08
1.70240137480717e-08
1.75757673941441e-08
1.61484653746161e-08
1.65608776359268e-08
1.74939683831287e-08
1.58262033111244e-08
1.51863993978385e-08
1.48708460343102e-08
1.46173346731309e-08
2.1173152721332e-08
2.21104791913625e-08
2.14394458841765e-08
1.87285912761162e-08
1.90250806832368e-08
1.93517386508123e-08
2.07817561410804e-08
1.93273503459301e-08
1.9413999609715e-08
1.99964495219371e-08
2.01601669551379e-08
1.68334464515085e-08
1.65845358261103e-08
1.64600682843891e-08
1.7160197105791e-08
1.68378283339521e-08
1.76573063830796e-08
1.77006574496696e-08
1.82922590613867e-08
1.70679907481772e-08
1.71517497971118e-08
1.75821617556204e-08
1.79206756256162e-08
1.78848695818838e-08
1.84980667933586e-08
1.8120433107792e-08
1.90188060186212e-08
1.87698058161627e-08
1.8180490382778e-08
1.83810757174311e-08
1.81286640190486e-08
2.02267960301946e-08
2.03900675340063e-08
1.84127184732265e-08
1.68876632019208e-08
1.75630075564491e-08
1.65236523269385e-08
1.58581363778399e-08
1.5910137501952e-08
2.31973440299961e-08
2.21494358456551e-08
2.28009378682884e-08
2.19361621745284e-08
2.24039441943445e-08
1.97536014729361e-08
2.0273717342437e-08
2.02186394154468e-08
2.02604837312993e-08
2.16707244917543e-08
2.03741619528645e-08
2.10694976007258e-08
2.24852011880196e-08
1.8568001478932e-08
1.79392598485581e-08
1.77378219860188e-08
1.82229392116998e-08
1.87064470245131e-08
1.91767003835128e-08
1.93570883360597e-08
1.81469500099991e-08
1.88416657526904e-08
1.89385165658303e-08
1.95564019707091e-08
1.9043909482171e-08
1.90870384229823e-08
1.95878959903029e-08
1.92324620644404e-08
1.89277763727649e-08
1.90723844024176e-08
2.06056372084396e-08
2.14323276733022e-08
2.15170244531539e-08
1.9292147646638e-08
1.8649979166279e-08
1.73264722530884e-08
1.69544225333268e-08
1.65752228431779e-08
2.43506107180474e-08
2.39001715012512e-08
2.32538566499929e-08
2.32258609269974e-08
2.34017654787401e-08
2.08320051800997e-08
2.13656264673414e-08
2.16244888912181e-08
2.15050559446087e-08
2.25253250499324e-08
2.15880320304954e-08
2.34488868818182e-08
2.01756776257545e-08
1.94581436034749e-08
1.90875514033434e-08
1.89836274561551e-08
1.98551619469143e-08
2.04014329093412e-08
1.97873558570295e-08
2.01054098887508e-08
2.02538673199459e-08
2.01699994945843e-08
2.0284233708827e-08
1.99704185261142e-08
2.06417380744499e-08
2.01657271747043e-08
2.08918803260025e-08
2.1617858310431e-08
2.24068372896081e-08
2.25256330880555e-08
2.27672741458575e-08
2.03642393828501e-08
1.98867799357006e-08
1.94459324037417e-08
1.8574363698094e-08
1.80338792153663e-08
1.7242874277604e-08
2.56223913731495e-08
2.55095660587583e-08
2.46567607262685e-08
2.42065846896382e-08
2.44264217089952e-08
2.53229313293835e-08
2.21599536596284e-08
2.33288054521353e-08
2.23185084845096e-08
2.32652202537213e-08
2.27863903298595e-08
2.42654968078785e-08
2.1178933793214e-08
2.09465434944475e-08
2.01165093392987e-08
2.01920614104907e-08
2.11007119743133e-08
2.12635796502185e-08
2.12454110704353e-08
2.11763116132628e-08
2.24305572322457e-08
2.15233146456974e-08
2.113704047251e-08
2.11013141912797e-08
2.18250330262562e-08
2.09547269051453e-08
2.16737246121985e-08
2.17699788101535e-08
2.19937803146352e-08
2.28586138080432e-08
2.34278706196898e-08
2.39004338402599e-08
2.40148899158279e-08
2.40495217259293e-08
2.21947918956245e-08
2.1753915800815e-08
2.09243258334603e-08
2.06168590541238e-08
1.97077972465433e-08
1.90502857179462e-08
1.86278184276383e-08
2.69338777627953e-08
2.72630447852368e-08
2.65492512078489e-08
2.53196877254838e-08
2.58168634343667e-08
2.64742149248228e-08
2.44073820908771e-08
2.38417606383599e-08
2.41770858019568e-08
2.51452692243768e-08
2.55973609294823e-08
2.20702392315564e-08
2.18109107966499e-08
2.2126544499735e-08
2.22307624560551e-08
2.26654113878053e-08
2.33460345050207e-08
2.26493167810875e-08
2.24536970301624e-08
2.20433689609983e-08
2.2784557462271e-08
2.21553342655008e-08
2.28160285091842e-08
2.27833254583167e-08
2.38626382128094e-08
2.45751422159737e-08
2.51396287994421e-08
2.55385115597598e-08
2.49730792266926e-08
2.56189234400835e-08
2.30580318651091e-08
2.28185131861074e-08
2.25898712361282e-08
2.14873501400276e-08
2.23519747094987e-08
2.0793844654328e-08
2.00964226327488e-08
2.82901080684842e-08
2.83525811307345e-08
2.75841102552232e-08
2.70069723825591e-08
2.68918922683306e-08
2.77935224457149e-08
2.5983307266186e-08
2.56927959599992e-08
2.66469230034046e-08
2.76231125473025e-08
2.31128956413072e-08
2.33995808231848e-08
2.30978090706732e-08
2.36455964373973e-08
2.43075571120178e-08
2.35697402344754e-08
2.34826683282419e-08
2.36822739053147e-08
2.37472831330756e-08
2.34249090196276e-08
2.38850148447375e-08
2.49877388187233e-08
2.6362995996465e-08
2.61801135117071e-08
2.58623120264658e-08
2.68762004324273e-08
2.61406492397607e-08
2.80112454999561e-08
2.64579108230956e-08
2.68480961897765e-08
2.41296065301266e-08
2.36498128082938e-08
2.36035456166246e-08
2.33149918422914e-08
2.21963801501454e-08
2.14938210685842e-08
2.96588010198479e-08
2.99577785818107e-08
2.87126178796431e-08
3.10743879072195e-08
2.93064633921549e-08
2.88189940320971e-08
2.90334862883587e-08
2.87615894226826e-08
2.72071817639285e-08
2.81814919635496e-08
2.95955240706658e-08
2.46446797841816e-08
2.43045244225352e-08
2.42012930875714e-08
2.46981056144917e-08
2.53697743552901e-08
2.44884711429203e-08
2.52299989460279e-08
2.49218892369002e-08
2.47695415934409e-08
2.47744253929657e-08
2.53693194416249e-08
2.67752806072433e-08
2.59698654678413e-08
2.73044428208358e-08
2.69459079001892e-08
2.67716098199318e-08
2.83117489423386e-08
2.73098993389787e-08
2.91408953228438e-08
2.79077056892883e-08
2.80080048942226e-08
2.47178425272622e-08
2.54834010760267e-08
2.45864512354117e-08
2.4356550982164e-08
2.5418489264069e-08
2.43128721543709e-08
2.33047778923722e-08
2.29015506991415e-08
3.11184033953549e-08
3.08962076148027e-08
3.2574420384575e-08
3.1182993967357e-08
3.02528361719507e-08
3.05887188689128e-08
3.08551393517821e-08
2.95678960047684e-08
2.87499883887988e-08
3.07842492604813e-08
2.59072645170372e-08
2.60090937404922e-08
2.61904103911322e-08
2.54004658943578e-08
2.64959709959793e-08
2.63064572758779e-08
2.57523297106619e-08
2.67863460828159e-08
2.62323130397686e-08
2.82966562404001e-08
2.65741167218874e-08
2.79083672520756e-08
2.73133836317993e-08
2.8400636806909e-08
2.88299222737604e-08
2.9538429014419e-08
2.91813192215804e-08
3.02709159085239e-08
2.97112354069299e-08
3.02410961490633e-08
2.61577245252215e-08
2.73013949057943e-08
2.65507521329121e-08
2.65776966970648e-08
2.58781383456928e-08
2.52339300182863e-08
2.44064286874575e-08
3.31245684041349e-08
3.21251616739783e-08
3.42119763996072e-08
3.28376763518657e-08
3.17578894810211e-08
3.22288154759312e-08
3.19717065526283e-08
3.04653547600902e-08
3.19668082869656e-08
2.73002231313723e-08
2.73048523608226e-08
2.75730372762662e-08
2.67946732870426e-08
2.88580371563912e-08
2.75087817630985e-08
2.75785033550896e-08
2.82408089529265e-08
2.7808999420201e-08
2.91708424080408e-08
2.93846232608545e-08
2.85496815711915e-08
2.88433523823179e-08
2.98414349872837e-08
3.00334830714122e-08
3.08152611031696e-08
3.09910258156363e-08
3.12728004805558e-08
3.12552255127898e-08
3.14316019565771e-08
2.8479295746855e-08
2.77913113236166e-08
2.76199098689609e-08
2.73398196713886e-08
2.66952617041823e-08
2.77652385212449e-08
2.60875214832229e-08
3.54842250426214e-08
3.40180844841901e-08
3.45058449478235e-08
3.590858009531e-08
3.39986364126463e-08
3.41347343470645e-08
3.32200266839203e-08
3.35500506601327e-08
3.2673129041225e-08
2.83832609961839e-08
2.8533225952759e-08
2.89833986383287e-08
2.94904203711477e-08
2.97733272272937e-08
2.97207542468108e-08
2.92724532516397e-08
2.90581894279024e-08
2.94241777950281e-08
3.02583793179989e-08
3.02871225837945e-08
3.08789075618814e-08
3.04246350019116e-08
3.14554103040876e-08
3.10688832023878e-08
3.20183145397707e-08
3.22604554007791e-08
3.25925277170064e-08
3.33468494523077e-08
3.33978983944756e-08
2.94648404315226e-08
2.89005060851849e-08
2.85998079271458e-08
2.9206646775991e-08
2.8729742366599e-08
2.78382908195733e-08
3.6813156482088e-08
3.58350393842185e-08
3.61978579513493e-08
3.76239612454405e-08
3.68190633207523e-08
3.56500740080878e-08
3.52936986983923e-08
3.51096688643837e-08
3.4964069126724e-08
3.02379482853231e-08
3.1583394358852e-08
3.08131211948043e-08
3.09988345781896e-08
3.06662131277566e-08
3.10926405256483e-08
3.11261791623814e-08
3.05547324510021e-08
3.12397230735333e-08
3.16912859471138e-08
3.32587795777108e-08
3.25494363780155e-08
3.21826378503373e-08
3.22861442461393e-08
3.35832419483306e-08
3.25842959693629e-08
3.30899706739444e-08
3.56729087745553e-08
3.37106163574471e-08
3.41582118297642e-08
3.4776058472787e-08
3.03899333660519e-08
2.99277055893448e-08
3.0301984998032e-08
2.9903154647416e-08
2.96280936178295e-08
3.79381642087106e-08
3.83038426379615e-08
3.81851457336392e-08
3.93671383861155e-08
3.90127294178087e-08
3.71535794272046e-08
3.73123125479048e-08
3.64363007974798e-08
3.66811537635435e-08
3.20444566680676e-08
3.33388979355291e-08
3.23290438119054e-08
3.16940749709915e-08
3.23176867066034e-08
3.18351849947516e-08
3.24577968779848e-08
3.25030874467672e-08
3.26186851557069e-08
3.3991990973028e-08
3.34900714738352e-08
3.45658688940879e-08
3.48565948048442e-08
3.38598730012661e-08
3.52271957892784e-08
3.42235955644069e-08
3.50616253478638e-08
3.55895011155373e-08
3.7118211179875e-08
3.55151457500633e-08
3.62307165905653e-08
3.13466223954348e-08
3.24220346693773e-08
3.31056542790401e-08
3.12186390186989e-08
3.14943095329469e-08
3.19825397075648e-08
3.14909974968229e-08
4.04790412777062e-08
4.11757138574818e-08
3.96829160208392e-08
4.00065091311644e-08
4.03118407577797e-08
4.11915541592746e-08
3.98795734240616e-08
3.88892671034158e-08
3.80672193375789e-08
3.80222101618025e-08
3.88562006961766e-08
3.43296122696337e-08
3.37332575957191e-08
3.59422330453792e-08
3.38012698037064e-08
3.38801877545022e-08
3.47620610146284e-08
3.43362226893675e-08
3.52896389726957e-08
3.51392144933216e-08
3.60794221747154e-08
3.69196447292654e-08
3.61825778738895e-08
3.59014137470701e-08
3.65534508999342e-08
3.67025479011017e-08
3.71999577923073e-08
3.78620519346104e-08
3.7812932608052e-08
3.29107434024488e-08
3.41211937302874e-08
3.25428279919949e-08
3.39298461432777e-08
3.30095038725734e-08
3.24876520923036e-08
4.14657815818867e-08
4.18594283642767e-08
4.31209444480155e-08
4.11852103417945e-08
4.11769585372098e-08
4.27960555447377e-08
4.02206326179428e-08
4.03351351394449e-08
4.03922017255389e-08
3.95869648444876e-08
3.75695420410751e-08
3.50217939049236e-08
3.4872552582553e-08
3.69246825203204e-08
3.51291935647101e-08
3.59414524950937e-08
3.57222350269247e-08
3.61440869066902e-08
3.85281843413488e-08
3.63601458279898e-08
3.67930464662891e-08
3.83866154742309e-08
3.86368870722922e-08
3.84252764060692e-08
3.73748224675545e-08
3.73493406032746e-08
3.83343293949428e-08
3.77228711572262e-08
3.84733652099978e-08
3.80071457779715e-08
3.8815436953701e-08
3.88332202016442e-08
3.95452815382783e-08
3.51286701484297e-08
3.72383517109395e-08
3.5446167576659e-08
3.43644974682621e-08
3.35500697009313e-08
4.25361228181766e-08
4.32824640877683e-08
4.28331507080546e-08
4.37819026523558e-08
4.41376229004257e-08
4.51780331085373e-08
4.24217578117843e-08
4.46911952604185e-08
4.73527197752072e-08
4.22340269885718e-08
4.21428729311418e-08
4.11391255566871e-08
4.106774998198e-08
3.9423936568294e-08
3.6890861124118e-08
3.86424194680771e-08
3.69383996499734e-08
3.73126427774076e-08
3.82583172545496e-08
3.77762637028314e-08
4.08717974975095e-08
3.85120532069434e-08
3.99306753566763e-08
4.03652905125769e-08
4.11615549602138e-08
3.8986387188406e-08
4.03589080445312e-08
3.98730306054601e-08
4.039255361453e-08
3.98019612054217e-08
4.01978682041692e-08
4.09298112129015e-08
4.18814734640024e-08
4.16449783711409e-08
4.30398001780851e-08
3.96647294743767e-08
3.87095336763448e-08
3.71784545793323e-08
3.68777210906515e-08
3.57554173743345e-08
4.47978342975466e-08
4.45005838293645e-08
4.52014469558933e-08
4.48182221767909e-08
4.67998906976505e-08
4.64269389186268e-08
4.58784529394316e-08
4.82342563196423e-08
4.96418510729375e-08
4.39160070095067e-08
4.38419610857877e-08
4.44115539163344e-08
4.16049162234689e-08
4.33781676418987e-08
4.31763519571177e-08
4.05437826528685e-08
3.9248837764884e-08
3.83261876914171e-08
3.97215015028792e-08
4.2555611269478e-08
4.10436475677311e-08
4.2003738843823e-08
4.28751715348615e-08
4.2031086958217e-08
4.05629567662595e-08
4.1652129693966e-08
4.22888668809327e-08
4.35956299566364e-08
4.26130499242193e-08
4.3417849780548e-08
4.39309091913487e-08
4.54762475582404e-08
4.13688659400135e-08
4.05264604928255e-08
3.92099201309962e-08
3.80047597044428e-08
4.5752926695566e-08
4.71934095570859e-08
4.6624850283295e-08
4.76075229439067e-08
4.80453348061682e-08
4.87626683375485e-08
4.85776274470649e-08
5.02408816229562e-08
5.20582641691652e-08
4.61727131646909e-08
4.57689039111619e-08
4.64846939148902e-08
4.45744451657524e-08
4.43772406802107e-08
4.50104089985844e-08
4.50635161638722e-08
4.49001891811672e-08
4.42445707088552e-08
4.21768427597332e-08
4.06682492006768e-08
4.16115613824928e-08
4.44092147687316e-08
4.35901212958295e-08
4.29553188928714e-08
4.29846765036542e-08
4.36086831815561e-08
4.34317010147966e-08
4.61345922196086e-08
4.36275765352377e-08
4.47649586058974e-08
4.46767806754955e-08
4.51851087027842e-08
4.49566734802174e-08
4.63163596238164e-08
4.84729468782261e-08
4.78754214962285e-08
4.20447686113371e-08
4.37844854074323e-08
4.16570627200659e-08
4.03136253093059e-08
4.85808063692517e-08
4.84069753577412e-08
4.9896947397379e-08
5.45192129685116e-08
5.02449641409909e-08
5.0315470122472e-08
5.11444256159649e-08
5.15595189836239e-08
5.30589998650543e-08
5.57730526745291e-08
4.93587436726028e-08
4.95152244727764e-08
5.09821476293845e-08
4.62334109405798e-08
4.63723009856237e-08
4.71363734961454e-08
4.61066454472411e-08
4.58321497981462e-08
4.69377818179727e-08
4.33760830334417e-08
4.53270554068569e-08
4.45916426008111e-08
4.52090259021746e-08
4.52890243611251e-08
4.8088566215498e-08
4.61836664033022e-08
4.65891622416949e-08
4.69396900945515e-08
4.67672935513466e-08
4.84389213859757e-08
4.87852882800373e-08
5.12915613853243e-08
5.07545157431356e-08
4.56860864486337e-08
4.32962587766821e-08
4.50941730537365e-08
4.28093324041695e-08
5.12114672900205e-08
5.24624211653105e-08
5.36555260822242e-08
5.70380998813475e-08
5.95990268869309e-08
5.29670111762397e-08
5.35131207166383e-08
5.35949966867184e-08
5.53892082395503e-08
5.74872227646738e-08
6.22099341808143e-08
5.2269901132823e-08
5.38147273709738e-08
5.42132083195526e-08
4.81672953284115e-08
4.96480765605666e-08
4.8390145909733e-08
4.82891677945937e-08
4.94035524749823e-08
4.81573242875031e-08
4.72474397183047e-08
4.92816581946888e-08
4.63214195746462e-08
4.63510602621414e-08
4.75811196314359e-08
4.83841383194813e-08
5.01340793247955e-08
4.82940631962524e-08
4.8928785340374e-08
4.82780635681287e-08
5.00792361433527e-08
5.04704858802837e-08
5.33256311491025e-08
5.39189348811936e-08
5.27503370372214e-08
4.74023279949613e-08
4.6995775112455e-08
4.54976904789056e-08
5.37592278781929e-08
5.51008772092739e-08
5.7451484171793e-08
5.60977908203876e-08
5.57601475250559e-08
6.16665124379942e-08
5.95990268869309e-08
5.63703176921379e-08
5.73739351197816e-08
5.91723182078449e-08
6.49227230676049e-08
6.33784596524893e-08
5.57431739913617e-08
5.57331319530205e-08
5.62622431912823e-08
5.74412697165358e-08
5.00911681290625e-08
5.11459681521005e-08
5.18143869525315e-08
5.06212448558307e-08
5.0518336031178e-08
5.13775731164928e-08
4.857294538266e-08
5.14019723296308e-08
4.95818832794215e-08
4.94768665820977e-08
5.06378084632429e-08
5.15853521306861e-08
5.07146560618e-08
5.17325548923227e-08
5.12951494601385e-08
5.29845191973461e-08
5.53196364235492e-08
5.58204715027839e-08
5.76044669332247e-08
5.48744006498177e-08
4.93604893383669e-08
5.10676092974445e-08
4.84128976334177e-08
5.96548164988965e-08
5.71950336924037e-08
5.91265336243639e-08
5.9031536265081e-08
5.81400272218055e-08
5.97338394566681e-08
6.1119571299275e-08
6.78577236383775e-08
6.13285297221822e-08
5.95787539081266e-08
6.40083971740502e-08
6.63851436129424e-08
6.02958090595754e-08
5.91706975139196e-08
5.9841072599932e-08
5.2481304077766e-08
5.41251901851464e-08
5.30324785670471e-08
5.42666566433883e-08
5.38948659255367e-08
5.35027341329258e-08
5.2587621692003e-08
5.34737481596959e-08
5.1450186475479e-08
5.35334423974336e-08
5.18293234176625e-08
5.16606418087242e-08
5.29239368352643e-08
5.32722899022855e-08
5.37647913050847e-08
5.41649938428098e-08
5.61183576655228e-08
5.74774450308637e-08
5.9018838489301e-08
5.86309150057863e-08
5.31145126969604e-08
5.15062786598202e-08
6.12548970664309e-08
6.05015632850513e-08
6.12630809416435e-08
6.21559401287373e-08
6.3491152846878e-08
6.92925488042287e-08
7.0954894070818e-08
6.30472495909901e-08
6.64926432038746e-08
6.85956027909329e-08
6.17954254882398e-08
6.17176250846866e-08
6.30419291795212e-08
6.21736744902783e-08
5.61485428707537e-08
5.50453695441183e-08
5.59055688219482e-08
5.64400765119926e-08
5.58347297210986e-08
5.6546638338583e-08
5.56964710487145e-08
5.64240988018092e-08
5.5571758986632e-08
5.53523574619888e-08
5.58118760078775e-08
5.44011471473124e-08
5.52424488810321e-08
5.73268844058017e-08
5.55288214320414e-08
5.75056416237222e-08
5.85008400964751e-08
6.09386518025479e-08
6.05476851926409e-08
6.3677501007803e-08
5.47573635075068e-08
5.65302204641278e-08
5.47302961455323e-08
7.42323881290143e-08
6.33797268896187e-08
6.35913378484486e-08
6.43022840043454e-08
6.63197639225114e-08
6.53738055342777e-08
7.20398751948531e-08
6.67410434125245e-08
6.96487486814869e-08
6.55576333333163e-08
6.4642718623138e-08
6.63156179645722e-08
6.53991305789981e-08
5.93290181988395e-08
5.93290658504574e-08
5.8273940385513e-08
5.75139849125108e-08
5.8336313916942e-08
5.89225900805392e-08
5.80482203782995e-08
5.85931771248759e-08
5.76013066311238e-08
5.77518838707923e-08
5.74349322012296e-08
6.0145476706144e-08
5.7731111657179e-08
5.82905913519054e-08
5.97235733040853e-08
6.11380164965713e-08
6.07707087347555e-08
6.28796416406198e-08
6.48925628596059e-08
6.61596860899011e-08
5.90725077838139e-08
5.80437086670782e-08
7.59261722098116e-08
7.76446926072917e-08
6.61031246561123e-08
6.80220095027378e-08
6.84223764794831e-08
7.35813440208163e-08
7.62443671085437e-08
7.04102355794833e-08
7.30925367104989e-08
7.10074663942643e-08
6.83338508386379e-08
6.80034101286945e-08
6.861224391127e-08
6.85540951276895e-08
8.11713800164439e-08
6.16460522201015e-08
6.12956808386542e-08
6.01520976247265e-08
6.1750615794955e-08
6.11914896282958e-08
6.07356472475812e-08
6.21694897381159e-08
6.0993446376703e-08
5.92663390392435e-08
6.08649497470049e-08
6.32990026404551e-08
6.32244809266422e-08
6.08748723848786e-08
6.21180391681461e-08
6.06247265172857e-08
6.3395730889054e-08
6.42148262342392e-08
6.65923547891213e-08
6.83014382972046e-08
6.8623131126407e-08
7.19611324699681e-08
6.16052100749848e-08
6.14422765405862e-08
8.02147190292921e-08
7.06676438094776e-08
7.10757646142933e-08
7.60540448657052e-08
7.90418027487115e-08
7.42305849174942e-08
7.3144629158721e-08
7.10378523277928e-08
7.08924163785758e-08
7.1565371888412e-08
7.44273341513865e-08
8.27452195519955e-08
8.47828614506611e-08
6.45436166377058e-08
6.35744351227061e-08
6.42568202394264e-08
6.2283027073169e-08
6.35197258294523e-08
6.49636140918358e-08
6.37053441924276e-08
6.39099291529022e-08
6.6564655535059e-08
6.24597674480178e-08
6.32391678728744e-08
6.58323473378395e-08
6.75474831238998e-08
6.42047512261359e-08
6.60777495944745e-08
6.45402608481373e-08
6.63616070374321e-08
6.7329911941497e-08
6.68579717072103e-08
6.874330225045e-08
6.95185323827486e-08
7.12752855281666e-08
7.53696200209225e-08
6.49734182610177e-08
8.4523740641103e-08
8.23928179026924e-08
7.37473341231456e-08
7.39535225880441e-08
7.73598519211486e-08
7.74514452705133e-08
8.16844215103016e-08
7.58224522879937e-08
7.47809190472631e-08
7.32581096361683e-08
7.3907205104411e-08
7.77050841574284e-08
8.7377664641715e-08
8.84248726751367e-08
8.77176558672461e-08
6.69781158442782e-08
6.99472935877123e-08
6.79925676100097e-08
7.05093359439132e-08
6.59024627204927e-08
6.85468772402248e-08
6.71916637234405e-08
6.74646540676459e-08
7.03022316490613e-08
6.5321119706042e-08
6.56862330095746e-08
6.78368832920486e-08
7.01740506493503e-08
6.74919793456496e-08
6.68938946678735e-08
6.79746834140085e-08
6.94165822211166e-08
7.15784074919599e-08
7.10072000074925e-08
7.26525069389138e-08
7.46528621496946e-08
7.79842428790338e-08
7.86816422414105e-08
6.88445329253825e-08
8.69249731564031e-08
8.48943240817719e-08
7.63426393062977e-08
7.69820325793952e-08
8.00699721494848e-08
8.21962459852429e-08
8.06448245359267e-08
7.83724105546926e-08
8.10858355977981e-08
7.74697500920081e-08
7.81276947883453e-08
8.12302634425714e-08
9.21267521474169e-08
9.59582975454613e-08
9.10097002326014e-08
9.04745990544702e-08
7.26696709021182e-08
7.16484614238772e-08
7.37530193329306e-08
7.16307137286639e-08
7.16363989065498e-08
6.90757988160793e-08
7.03224277596698e-08
7.07156269908955e-08
7.28996286510908e-08
7.34645767670774e-08
6.96509031529826e-08
7.15968162059037e-08
7.50710164906633e-08
7.20585113816642e-08
6.99201016654904e-08
7.27004643692522e-08
7.54439396315962e-08
7.47248259444032e-08
7.52423926263361e-08
7.76232694517843e-08
8.01550655617104e-08
8.11490412053132e-08
8.41791234103151e-08
7.30284591427075e-08
9.99174895745604e-08
8.83112319595955e-08
9.32991921008956e-08
8.66421166109872e-08
8.07277719797255e-08
8.46041794959292e-08
8.11185147219296e-08
8.3560684659105e-08
8.44314971031762e-08
8.12406795082571e-08
8.3589763787583e-08
9.5828203595825e-08
9.46298017097978e-08
9.99174895745604e-08
7.47753005443796e-08
7.7277220065037e-08
7.36505910948231e-08
7.6547142866856e-08
7.68626226171665e-08
7.25191140812106e-08
7.70148835232644e-08
7.6457940653815e-08
7.662798795377e-08
7.42620252230772e-08
7.76500830459584e-08
7.72353298964159e-08
7.52267664285355e-08
7.52267664285355e-08
8.80140563596931e-08
7.73187128590334e-08
7.75107311879667e-08
7.86948523618822e-08
8.16169079190245e-08
8.33331658251373e-08
8.45219443276e-08
8.65396758795299e-08
7.7470497002964e-08
1.03004358245939e-07
1.03964470926283e-07
1.08110017110698e-07
9.68604914199972e-08
9.16237502925801e-08
9.46559485985586e-08
8.84270355796968e-08
9.20660996109678e-08
8.61769836013022e-08
8.6264103816778e-08
8.83379603524664e-08
8.66840251717671e-08
9.91214062804972e-08
1.03079253166291e-07
7.92526965899157e-08
8.00766944064487e-08
8.05141917903101e-08
7.56725986522381e-08
7.76203829295999e-08
8.01585123729464e-08
8.14609046575763e-08
7.75434904494324e-08
7.98211388336462e-08
7.98545188794874e-08
7.85384202572035e-08
8.01260704399793e-08
7.92260602380504e-08
8.30354829007179e-08
9.15114125898773e-08
9.00517480205273e-08
8.18387718330157e-08
8.44384947441896e-08
8.61762788113309e-08
8.89852009825574e-08
8.94218547825639e-08
8.21092009462124e-08
1.060219198016e-07
1.09299346188111e-07
1.1237611647927e-07
1.00712551093118e-07
9.82984879598408e-08
9.54626443624643e-08
9.14594140761786e-08
8.88915600821287e-08
9.09449532008509e-08
9.05122091103066e-08
9.37954321944524e-08
9.55526788268965e-08
1.06537238336566e-07
1.03698363687555e-07
8.21880156676347e-08
8.2867457070984e-08
8.33691482966023e-08
8.37481733669234e-08
7.95193850549742e-08
8.1292843284781e-08
8.36154678138093e-08
8.64701884876949e-08
8.3432977688837e-08
8.06526138541082e-08
8.22788070306309e-08
8.30587288225968e-08
8.18122624500818e-08
8.28792620254856e-08
8.32918551093695e-08
8.59802277975585e-08
8.95458507170616e-08
9.34524337591346e-08
9.33523290402511e-08
8.62471264296808e-08
8.73411843775507e-08
9.01374208354856e-08
9.27535554955341e-08
8.44777533276006e-08
1.13429986948621e-07
1.09606412491803e-07
1.1124249672068e-07
1.16687075211416e-07
1.04459148149235e-07
1.01910557624047e-07
9.56878083528469e-08
9.88608558938551e-08
9.78493336315295e-08
9.44846868962139e-08
9.4120445446563e-08
9.75499399807622e-08
9.84074174889691e-08
1.08402417813207e-07
8.58128766684304e-08
8.61511783967959e-08
8.67412229535029e-08
8.82146086244236e-08
8.42044417267802e-08
8.50476266412597e-08
8.74898123127839e-08
8.65807947291188e-08
8.51710554495745e-08
8.53931890614021e-08
8.44777533276006e-08
8.59974390529155e-08
8.56669224438843e-08
8.91295819923664e-08
8.92885822405759e-08
9.13192784606874e-08
9.17862099145954e-08
9.50274338123766e-08
9.65547464616086e-08
9.0362127416733e-08
9.36754015577301e-08
9.55441393962344e-08
8.68593896734415e-08
1.16684268071747e-07
1.13485302787317e-07
1.16191148609466e-07
1.21051640172972e-07
1.20433310678033e-07
1.07509025523423e-07
1.04717623524378e-07
9.78056925757977e-08
1.01354891740243e-07
9.77803395065466e-08
1.00371211443757e-07
1.01027752071185e-07
1.01546581480038e-07
1.12483929647625e-07
9.25339882043814e-08
8.89589378616752e-08
9.11800250061066e-08
9.33800613567652e-08
8.74556383535019e-08
8.95616466039548e-08
9.19371588811853e-08
8.86516566602152e-08
8.8267685242456e-08
9.17064815925024e-08
8.92543292382597e-08
9.21035654013721e-08
9.32742298002326e-08
9.51371206447776e-08
9.58122274889375e-08
9.82989997075573e-08
1.01240928627817e-07
9.59744932710659e-08
9.78236337762293e-08
1.00031076825965e-07
9.16792537777658e-08
1.16390989747378e-07
1.20946459317731e-07
1.18143782909419e-07
1.25529459536305e-07
1.25687694920778e-07
1.30173990274752e-07
1.0865739347214e-07
1.05504266040362e-07
1.01159829423425e-07
1.04390265797326e-07
1.03425316034147e-07
1.12733969052186e-07
1.04025003547535e-07
1.0505390244208e-07
1.04887903076955e-07
1.05295764316695e-07
1.16425728616509e-07
1.1983351691995e-07
9.65767498720722e-08
9.41273384793964e-08
9.62604530894347e-08
9.552470263092e-08
9.20165875368662e-08
9.34366531553618e-08
9.57538837592736e-08
9.12587817040648e-08
9.20211918470357e-08
9.4518338667974e-08
9.52276759994789e-08
9.66972771628679e-08
9.4168766696246e-08
9.5955047519048e-08
9.69415258807128e-08
9.88996936438797e-08
9.97570734462257e-08
1.04140534703294e-07
1.07399932748323e-07
9.93237142712292e-08
9.96951292386443e-08
1.02438027587597e-07
1.03547395964966e-07
9.67057817503238e-08
1.21818605606462e-07
1.25192903490659e-07
1.29649565680695e-07
1.29099743124218e-07
1.34885715584518e-07
1.10564818445401e-07
1.08420435666096e-07
1.06734098947879e-07
1.08628497174217e-07
1.15672373633792e-07
1.07649395930176e-07
1.11032072899965e-07
1.0895776695275e-07
1.20024809982639e-07
1.20025592118843e-07
1.23732627079015e-07
1.02045937164589e-07
9.78762816922045e-08
1.00923366063132e-07
9.94577982552443e-08
9.64200745050315e-08
9.87543641195843e-08
9.7715422829689e-08
1.00061345207221e-07
9.91665088390128e-08
1.00241514801605e-07
1.04049247758872e-07
9.92803562089114e-08
9.92189996366718e-08
1.02127534239686e-07
1.02262086441924e-07
1.02575256617457e-07
1.07268678839572e-07
1.10743200907755e-07
1.02722436671345e-07
1.04005131672389e-07
1.06592643073984e-07
1.06730383103438e-07
1.01943617825283e-07
1.25629805771214e-07
1.29375410691858e-07
1.32121285651769e-07
1.33138722136183e-07
1.36833856117943e-07
1.39649716392357e-07
1.1513136806547e-07
1.12568879696138e-07
1.11917854407916e-07
1.11819757519128e-07
1.16792940308795e-07
1.11409108403575e-07
1.13847519536016e-07
1.12855131436869e-07
1.2386559510805e-07
1.21449098115631e-07
1.27969100067515e-07
1.04518898327834e-07
1.02973719339745e-07
1.02877450190728e-07
1.00044235567985e-07
1.02088008658877e-07
1.0307755481741e-07
1.05087476173744e-07
1.07409482717381e-07
1.0646067523401e-07
1.0461655929392e-07
1.06105603251078e-07
1.05529588432542e-07
1.06459072135597e-07
1.13559455543001e-07
1.08069779826736e-07
1.08110835704733e-07
1.1104840334641e-07
1.13384400996963e-07
1.07330424759105e-07
1.31899379102267e-07
1.33456998186877e-07
1.37084076282737e-07
1.39369679580187e-07
1.40675216296307e-07
1.43832636871014e-07
1.44569727969055e-07
1.19035622631056e-07
1.18057664422951e-07
1.15946446994895e-07
1.15098708823833e-07
1.19534986304563e-07
1.23249430071083e-07
1.17674053625589e-07
1.17328687867805e-07
1.28603101151889e-07
1.25131300989009e-07
1.27619188328473e-07
1.32608050713996e-07
1.36104563258103e-07
1.07035479173759e-07
1.09915398291169e-07
1.07919096953907e-07
1.06114227256575e-07
1.05580008379282e-07
1.07527236907332e-07
1.09886244997722e-07
1.10883407520339e-07
1.11667195349902e-07
1.08683595570039e-07
1.0918524670188e-07
1.10169511610687e-07
1.10284694750773e-07
1.17603351605581e-07
1.12754145718864e-07
1.12283265597364e-07
1.1543753591431e-07
1.12911864118997e-07
1.37106197545301e-07
1.41597436155915e-07
1.45915638099575e-07
1.47707605034269e-07
1.495521961256e-07
1.22243169870073e-07
1.23601384975454e-07
1.23425262675582e-07
1.20232875492211e-07
1.23532743338468e-07
1.22403464581165e-07
1.28298040645418e-07
1.32257618170982e-07
1.32022136814222e-07
1.31402220937399e-07
1.40610782099392e-07
1.3597809003314e-07
1.39382611071552e-07
1.14560419487326e-07
1.11422603051951e-07
1.12202620712369e-07
1.13189540348307e-07
1.11583894058487e-07
1.10836879104259e-07
1.14417777801681e-07
1.16096186334325e-07
1.14486266631366e-07
1.13597824859243e-07
1.15369555628228e-07
1.12511804414229e-07
1.1270811978133e-07
1.15413367943516e-07
1.16782869595566e-07
1.2093223736372e-07
1.16133859344598e-07
1.1942704909886e-07
1.20005488603168e-07
1.18577685197476e-07
1.54591096273579e-07
1.43768388427593e-07
1.45877885375567e-07
1.57077669249186e-07
1.4619829850209e-07
1.50530317319967e-07
1.53578901832473e-07
1.2633697347111e-07
1.26156004990527e-07
1.246448049391e-07
1.27876015146382e-07
1.27449427137182e-07
1.2863673481045e-07
1.26151090207078e-07
1.3265805226024e-07
1.37011358487221e-07
1.35699250788813e-07
1.43642943484543e-07
1.40760087037592e-07
1.4786421585578e-07
1.18238435594462e-07
1.17921207578202e-07
1.1559161793856e-07
1.17499520753767e-07
1.16049160281864e-07
1.18149715339718e-07
1.19942581463923e-07
1.17797848627868e-07
1.18557128408207e-07
1.18068784127812e-07
1.19304767998212e-07
1.16454142485892e-07
1.17177828335691e-07
1.2078547235976e-07
1.20158200702932e-07
1.23806764194367e-07
1.22032967143607e-07
1.23997574421704e-07
1.22909421061585e-07
1.21454353959456e-07
1.59705277420495e-07
1.62063399683319e-07
1.48102864984935e-07
1.50028305875909e-07
1.60171886525799e-07
1.54162486294708e-07
1.58289273108573e-07
1.3038797333725e-07
1.31265829093916e-07
1.28272159071697e-07
1.31525553690841e-07
1.31526454311502e-07
1.33982995642616e-07
1.33205094936663e-07
1.37080834001051e-07
1.42394105712785e-07
1.41763220371977e-07
1.47660945307283e-07
1.51155336656409e-07
1.22196100114272e-07
1.21842180893056e-07
1.21335867903522e-07
1.23504133310782e-07
1.215265623182e-07
1.24524731647045e-07
1.23586710761972e-07
1.22270352652042e-07
1.23890233245849e-07
1.21058984851127e-07
1.24775816848673e-07
1.24410137765316e-07
1.2866901443625e-07
1.28544497371035e-07
1.27889782178447e-07
1.27377749750685e-07
1.24380946231587e-07
1.64923018097645e-07
1.65407590362822e-07
1.55246679066645e-07
1.54179439044838e-07
1.63388599709482e-07
1.59636025513601e-07
1.34599563206385e-07
1.35623195121515e-07
1.33116601205498e-07
1.35247867368091e-07
1.3760862246132e-07
1.55710633720733e-07
1.39769585961345e-07
1.44062854290518e-07
1.45211803135968e-07
1.49029071372063e-07
1.52887597278531e-07
1.26747705652555e-07
1.30868209585723e-07
1.26848058040613e-07
1.27525862727066e-07
1.25830994032714e-07
1.29531797912828e-07
1.2751592304359e-07
1.27224837959034e-07
1.26865668950232e-07
1.30046534771177e-07
1.25907854753414e-07
1.28242075663299e-07
1.28813958245526e-07
1.33594010364182e-07
1.33961198276506e-07
1.32394083262756e-07
1.32007094629416e-07
1.30441055250966e-07
1.70231543440774e-07
1.75639924316526e-07
1.70789631525636e-07
1.70613789137324e-07
1.59324460188895e-07
1.58552299569903e-07
1.6723832632105e-07
1.64327155958501e-07
1.40171992387624e-07
1.3768433709132e-07
1.39220413210527e-07
1.39428703205922e-07
1.42072695373651e-07
1.59377041293661e-07
1.64265659695541e-07
1.45336226541965e-07
1.48285993395098e-07
1.51017154410542e-07
1.55963333591445e-07
1.36215590133033e-07
1.31239710798424e-07
1.29803842051159e-07
1.32191013013349e-07
1.32095663119984e-07
1.34695224469896e-07
1.3191678338067e-07
1.31648811997919e-07
1.31145308160347e-07
1.3499460390499e-07
1.32292706438794e-07
1.36137890696589e-07
1.35250953018311e-07
1.37538249677967e-07
1.4012344492715e-07
1.41105591819081e-07
1.39571826813887e-07
1.36630602567925e-07
1.75496804864782e-07
1.81117386143579e-07
1.76798824883235e-07
1.72972365739906e-07
1.73739599046723e-07
1.63296544075843e-07
1.6933681123468e-07
1.45518409400226e-07
1.4269650334824e-07
1.45481097481092e-07
1.48525914139663e-07
1.68659323563196e-07
1.60846648890253e-07
1.65649198192024e-07
1.51489097948359e-07
1.52829320512628e-07
1.56042620734794e-07
1.59977224141988e-07
1.36160221327437e-07
1.33730541850259e-07
1.36407388035057e-07
1.39486154373426e-07
1.36177295812067e-07
1.35295500021397e-07
1.35180769894373e-07
1.3991397789805e-07
1.38612435899139e-07
1.39916407228083e-07
1.39761340718821e-07
1.38290704445968e-07
1.39761340718821e-07
1.42548260527434e-07
1.42928232713482e-07
1.43201041965593e-07
1.41009809936505e-07
1.45731588544454e-07
1.45460105583351e-07
1.47576742370858e-07
1.42979050917337e-07
1.81091890860492e-07
1.86666645652219e-07
1.81987734101501e-07
1.78849314909764e-07
1.78073475085715e-07
1.86568851733622e-07
1.86806138637347e-07
1.7390584467766e-07
1.70326928085874e-07
1.51481024262165e-07
1.48088044983602e-07
1.50828855988932e-07
1.52898049458599e-07
1.73163424741245e-07
1.56771539826729e-07
1.64805352555753e-07
1.69360230215145e-07
1.57418004248841e-07
1.62242699413709e-07
1.41048815000768e-07
1.43905409009773e-07
1.40705632147149e-07
1.44359062934622e-07
1.39852399285425e-07
1.42985034102797e-07
1.44495801171843e-07
1.45356998446165e-07
1.44427702374599e-07
1.46643319409315e-07
1.47514821665352e-07
1.45142435595886e-07
1.50267192073256e-07
1.49675506692671e-07
1.51933986126911e-07
1.5224881012718e-07
1.49497686678451e-07
1.89499344535929e-07
1.92352911485129e-07
1.92162380828654e-07
1.84021616060504e-07
1.81312917932194e-07
1.78138083773239e-07
1.92392060308054e-07
1.90053501775552e-07
1.76904138358599e-07
1.56602783430879e-07
1.52669439406678e-07
1.55621985741927e-07
1.78634758896183e-07
1.7435811340366e-07
1.72272494822053e-07
1.60025694742635e-07
1.60547583872147e-07
1.6956679137089e-07
1.64262155439591e-07
1.47607195224493e-07
1.47738227438367e-07
1.47307483435668e-07
1.4744830721418e-07
1.47198042845607e-07
1.49108655141477e-07
1.50588356517907e-07
1.4901622358047e-07
1.51142321714148e-07
1.5082140212804e-07
1.5049876023089e-07
1.53782648949237e-07
1.50015044029371e-07
1.5253479181404e-07
1.54508079625143e-07
1.57013331348597e-07
1.55154680279983e-07
1.56578600089609e-07
1.57292049581324e-07
1.52793080658083e-07
1.96313667408068e-07
1.9811945843471e-07
1.97091496417724e-07
1.86955068758906e-07
1.83660881677605e-07
1.98143341678709e-07
1.92697292508888e-07
1.85549772408322e-07
1.84056370057418e-07
1.63903508648291e-07
1.60533373291229e-07
1.59921921030463e-07
1.80029673701587e-07
1.7674076488624e-07
1.74620012376884e-07
1.66728045992168e-07
1.70562203034877e-07
1.67694370476329e-07
1.52057666552641e-07
1.5243604015805e-07
1.56018810527625e-07
1.53158062960195e-07
1.54967998180294e-07
1.52793080658083e-07
1.54450032432351e-07
1.54742245941548e-07
1.55106294519658e-07
1.58900791122947e-07
1.56643282365077e-07
1.56944452065933e-07
1.60922001108615e-07
1.6209423472584e-07
1.62572062712628e-07
1.61874229542466e-07
1.61718774743184e-07
1.56113247261648e-07
2.02951090604927e-07
2.04064788870663e-07
2.03180875310197e-07
2.10156681650874e-07
2.0253896593047e-07
1.8933642730221e-07
1.99185381525457e-07
1.9548768478381e-07
1.85562966074285e-07
1.89787622517816e-07
1.89195810138376e-07
1.66546601091236e-07
1.66599900804635e-07
1.79652764351385e-07
1.76615958962464e-07
1.71550963194818e-07
1.77065423915683e-07
1.71593337533404e-07
1.74022566576975e-07
1.57975555983679e-07
1.62539040614788e-07
1.59609561484401e-07
1.59489109101886e-07
1.58631465089542e-07
1.601594019524e-07
1.5957055551784e-07
1.59472970481045e-07
1.59614788123488e-07
1.61480014766205e-07
1.63965990941904e-07
1.65447602190204e-07
1.67125146061216e-07
1.65696731863361e-07
1.67483146836823e-07
1.66402215799117e-07
1.68810718406302e-07
1.62883608705404e-07
2.0928192311547e-07
2.09879758491543e-07
2.07388627553188e-07
2.12543091936286e-07
2.16477045557678e-07
2.0591748777392e-07
1.84595814159322e-07
1.87607169802068e-07
1.93772964259579e-07
1.99731851640546e-07
2.04270473843315e-07
1.9067215849774e-07
1.94427280501576e-07
1.71011455128627e-07
1.71543270021565e-07
1.80499284650733e-07
1.80496871336719e-07
1.79137128703536e-07
1.63933708260558e-07
1.67549327219206e-07
1.66010765603817e-07
1.64160123525982e-07
1.63587939560758e-07
1.64354163979916e-07
1.6632109698546e-07
1.65203461666493e-07
1.69085299922813e-07
1.73460074274793e-07
1.71959981513623e-07
1.70827774252092e-07
1.73788772739822e-07
1.73338557482751e-07
1.74177588651264e-07
1.69808652685853e-07
2.15110894576611e-07
2.13806069139369e-07
2.12999900942123e-07
2.18955014689664e-07
2.17933361327388e-07
2.2300690932349e-07
2.10336505111953e-07
1.85315543191479e-07
1.90067968453135e-07
1.9443975990027e-07
2.00900781213086e-07
2.05933537069001e-07
2.10040367239364e-07
1.99032061082076e-07
1.75841781091293e-07
1.80134045085634e-07
1.85886210379882e-07
1.8391044099055e-07
1.85660863213263e-07
1.69234021317847e-07
1.72122711517998e-07
1.68839128214639e-07
1.70968387553782e-07
1.72205897172198e-07
1.69328280570852e-07
1.68566367346941e-07
1.73341951258028e-07
1.70296093530629e-07
1.74500508402762e-07
1.78180105947644e-07
1.74084461834729e-07
1.78301375241204e-07
1.77292173287759e-07
1.77780618179302e-07
1.78569209623331e-07
1.81824598827052e-07
1.76904444593982e-07
2.21592125268061e-07
2.17771511826081e-07
2.19678582466774e-07
2.24894861549552e-07
2.26360178733492e-07
2.29761069082678e-07
2.36647811525981e-07
2.16026337402219e-07
1.99381130732079e-07
1.9115782105747e-07
1.96099722616533e-07
2.08556577753471e-07
2.09997820403561e-07
2.15228702838193e-07
2.04596743129968e-07
2.08883718578926e-07
1.82371870261685e-07
1.85576945337906e-07
1.91757945350649e-07
1.8864490936e-07
1.91944330006004e-07
1.74696360479303e-07
1.77749458783489e-07
1.82898794951242e-07
1.73818940081855e-07
1.75757391087048e-07
1.76869686878066e-07
1.73919734049604e-07
1.80496868567061e-07
1.76772649824568e-07
1.79265047910387e-07
1.79324219678068e-07
1.84057816986766e-07
1.81237820281758e-07
1.82443795275337e-07
1.86174671849991e-07
1.86107482684513e-07
1.84119990493727e-07
2.43697779483072e-07
2.28712400562773e-07
2.30622382222467e-07
2.23420294035503e-07
2.25778693159895e-07
2.34031110510425e-07
2.41308486838531e-07
2.25131938664196e-07
2.21813019804256e-07
1.96356122191213e-07
2.02388862577338e-07
1.98842299110769e-07
2.07550592762924e-07
2.14538339429725e-07
2.19987282059381e-07
2.11042096918372e-07
2.14496809069493e-07
1.90156431640483e-07
1.9261814004213e-07
1.96753337476995e-07
1.95561042509444e-07
1.86111336271363e-07
1.89127445794638e-07
1.81296894782358e-07
1.85485959074476e-07
1.88303579296843e-07
1.78965985771017e-07
1.83712212464609e-07
1.81957018978643e-07
1.83787915531981e-07
1.85401957654173e-07
1.8787836008117e-07
1.88740722190396e-07
1.95280048069938e-07
1.91876167450567e-07
1.94497650670064e-07
1.91514454493516e-07
2.50900622175832e-07
2.47660689322147e-07
2.35449893481032e-07
2.35137445332325e-07
2.28993072359926e-07
2.42370603471938e-07
2.49413559935755e-07
2.30711664380512e-07
2.27852452003543e-07
2.25953363067846e-07
2.03126478850007e-07
2.06914895201574e-07
2.12485544883013e-07
2.20850036152898e-07
2.1591419042123e-07
1.97577726299458e-07
1.9565146604135e-07
2.0146383594227e-07
2.00547443184228e-07
2.02469751607629e-07
1.89434308127266e-07
1.94491929341861e-07
1.93412278586138e-07
1.93274263753612e-07
1.88115652742321e-07
1.93967460499719e-07
1.8419674451694e-07
1.89755115615058e-07
1.8955989204063e-07
1.9030221053733e-07
1.90155417147077e-07
2.03472806317164e-07
1.9415685112613e-07
1.98112802235948e-07
1.98384174409761e-07
1.98615105702402e-07
1.99073841232431e-07
2.54551340156974e-07
2.58236147359537e-07
2.65783131216672e-07
2.54551340156974e-07
2.41348164751978e-07
2.35388346586925e-07
2.39586449403588e-07
2.47925611854966e-07
2.56658926373692e-07
2.35553578320755e-07
2.32295645895394e-07
2.41705926635207e-07
2.2760926681198e-07
2.08097760454121e-07
2.13270623539263e-07
2.16603329741341e-07
2.21728936351375e-07
2.27637614413742e-07
2.0471902060907e-07
2.10298480039557e-07
2.08471591121516e-07
2.1702626797435e-07
1.94783327106937e-07
2.02979150319482e-07
1.99147659691348e-07
2.00522263799077e-07
2.00261635068622e-07
1.94576002801652e-07
2.0001756284563e-07
1.93298958599905e-07
1.95661615589094e-07
1.96408412205415e-07
2.08820425830658e-07
2.04594934824197e-07
2.09330660471435e-07
2.0202148973511e-07
2.03567550411144e-07
2.06253304378427e-07
2.06935009020936e-07
2.73641024234774e-07
2.65785030097681e-07
2.6420444562353e-07
2.44054968528175e-07
2.43196162631702e-07
2.51968753228372e-07
2.55424005629913e-07
2.58310660872692e-07
2.62245094698811e-07
2.34242190084569e-07
2.39129284808267e-07
2.50583844901812e-07
2.46492767127604e-07
2.32647685047351e-07
2.14921951891979e-07
2.19602807794454e-07
2.20937807537083e-07
2.25059810299645e-07
2.31728871191221e-07
2.26078418764486e-07
2.12597979571745e-07
2.16460173225116e-07
2.22342861020772e-07
2.08258862224562e-07
2.00479589043464e-07
2.04983293219689e-07
2.06076891327001e-07
2.07759165312968e-07
2.03420332842761e-07
2.05667180432227e-07
1.99912899919776e-07
2.02674344178348e-07
2.03652584401666e-07
2.13846640019273e-07
2.09560067568193e-07
2.14158405473596e-07
2.11119206823996e-07
2.07461122441554e-07
2.11550844643957e-07
2.13736328358292e-07
2.15098939319877e-07
2.81661658356415e-07
2.77233706488594e-07
2.7171219597719e-07
2.72476100454127e-07
2.51981764027849e-07
2.61301033080931e-07
2.68669602433731e-07
2.56581074469374e-07
2.38928346961955e-07
2.44123144032049e-07
2.54114523762703e-07
2.39426699194915e-07
2.21884402522097e-07
2.26215303137344e-07
2.33845725622686e-07
2.32657790949268e-07
2.2165431671437e-07
2.24491663644031e-07
2.28874241029093e-07
2.12368095545957e-07
2.08383058120389e-07
2.12112534936865e-07
2.16000734794385e-07
2.12460795990763e-07
2.1151682190467e-07
2.0773161680296e-07
2.06784126977365e-07
2.11048185768114e-07
2.20342335825344e-07
2.2550227237501e-07
2.14605266900824e-07
2.19171095546745e-07
2.15973390227497e-07
2.15938184259919e-07
2.20996375715294e-07
2.1855846085079e-07
2.19623291312368e-07
2.23646687792747e-07
2.89890485602038e-07
2.98379526546466e-07
3.16182279129773e-07
3.07131132531557e-07
2.85736256007261e-07
2.91652169825848e-07
3.25472132974894e-07
2.79751899784592e-07
2.80493041617379e-07
2.76214537326085e-07
2.6098979076746e-07
2.70305230224869e-07
2.63445187455155e-07
2.59980765589516e-07
3.90970201234634e-07
3.35126517645409e-07
3.78656538944479e-07
3.67021037900407e-07
3.5587337788273e-07
3.4526023141355e-07
3.95945445865981e-07
4.04126383656457e-07
4.84606481481482e-07
2.4552008801073e-07
2.55758246641415e-07
2.47277257452532e-07
2.43848775400426e-07
2.3105008893356e-07
2.31500566708667e-07
2.36828264345642e-07
2.40326588261086e-07
2.29997301829783e-07
2.35500227779029e-07
2.31459493788847e-07
2.35804797910534e-07
2.17616659790581e-07
2.23216680906982e-07
2.18171780136493e-07
2.17036604531687e-07
2.21264945072703e-07
2.26306154425661e-07
2.17343052384774e-07
2.13911967583147e-07
2.12498341949631e-07
2.17171201594179e-07
2.25333354662125e-07
2.21721395943657e-07
2.2146022887993e-07
2.27716477371568e-07
2.25298458839543e-07
2.32550371791386e-07
2.41687886290243e-07
2.98379526546466e-07
3.20795356364206e-07
3.08404128525709e-07
2.90709641538799e-07
2.98008914565205e-07
3.30918885977124e-07
3.25661417343189e-07
2.87760433969605e-07
2.84551675786323e-07
2.82494333003511e-07
2.68546532394324e-07
2.75695425339508e-07
2.68955490225362e-07
2.63219956922088e-07
3.83745687020764e-07
3.43565544723452e-07
3.42623620404727e-07
3.68311271196854e-07
3.53250875794053e-07
3.91332653254288e-07
4.6612087901595e-07
4.71926634405809e-07
4.18052762335518e-07
4.33065633283267e-07
4.48962256984976e-07
4.05098736079687e-07
4.15662017838867e-07
4.84606481481482e-07
2.53150827595021e-07
2.61230090658731e-07
2.54084403990196e-07
2.48826651599921e-07
2.37256315153759e-07
2.43638358044977e-07
2.48294872273485e-07
2.54569815292027e-07
2.31808028316638e-07
2.38346098246372e-07
2.4191872201675e-07
2.38060005040114e-07
2.40724894397875e-07
2.32517017557447e-07
2.24813381923674e-07
2.29394596812815e-07
2.23872635674412e-07
2.23648744272541e-07
2.29754494610352e-07
2.23378377287028e-07
2.19846349620638e-07
2.2026342313012e-07
2.28002265951836e-07
2.26767384283342e-07
2.30479801121811e-07
2.34849353911798e-07
2.33711672355108e-07
2.38379947185635e-07
2.44022299559236e-07
2.35822281627836e-07
2.46370241097107e-07
3.08606899986196e-07
3.16182279129773e-07
2.95384567310242e-07
3.0356729963903e-07
3.34366902851959e-07
3.21372622543004e-07
2.91097512334032e-07
2.89276076982584e-07
2.83182454379786e-07
2.77447700201756e-07
2.76401833838851e-07
2.68437116530013e-07
3.41040907720469e-07
3.75798037788314e-07
3.51078403631556e-07
3.61391762448984e-07
3.68645678904545e-07
3.87024707967809e-07
3.99517416259565e-07
4.58610732996799e-07
4.73934733132913e-07
4.30407318778716e-07
4.44062395984711e-07
4.19152903609525e-07
4.84606481481482e-07
2.62569262723575e-07
2.59745785201979e-07
2.45625268817026e-07
2.50952613689625e-07
2.58382736793066e-07
2.61232094957442e-07
2.44912971821398e-07
2.41724338509546e-07
2.47698999489583e-07
2.45723303477006e-07
2.47395359174186e-07
2.51570515228546e-07
2.39320261072019e-07
2.34794627893427e-07
2.31758430174694e-07
2.38593074867627e-07
2.31403251551404e-07
2.32375590020242e-07
2.29626756707429e-07
2.34518154962595e-07
2.4049127798167e-07
2.42964293890436e-07
2.42769696007362e-07
2.48731948860828e-07
2.42070567653821e-07
2.51107667866213e-07
3.12073922066197e-07
3.01079352833027e-07
3.30569226950802e-07
3.21942064014881e-07
2.95653878277137e-07
2.90685589727713e-07
2.90422945454178e-07
2.84908667685242e-07
2.81953950295667e-07
2.75919383129137e-07
2.69475564622769e-07
3.35227017706188e-07
3.50990162785922e-07
3.77669818321153e-07
3.65036659825383e-07
3.90085439370185e-07
4.05796753044114e-07
4.73351210596794e-07
4.61246838324089e-07
4.39922963140036e-07
4.24607233289567e-07
4.84606481481482e-07
2.67081496654228e-07
2.54092351808501e-07
2.58288926324681e-07
2.66076347554922e-07
2.69696611727701e-07
2.47810458002163e-07
2.53001412532673e-07
2.57268556966995e-07
2.5416317644008e-07
2.4429136098954e-07
2.46103954236738e-07
2.39639714300873e-07
2.38923799458653e-07
2.46104409763446e-07
2.39359379607024e-07
2.38931660231789e-07
2.40386505790283e-07
2.48815876467516e-07
2.53255607755214e-07
2.55902156755796e-07
2.51018693758e-07
2.47823579432666e-07
2.58134061108939e-07
2.60760141302161e-07
3.14435110949982e-07
3.04004268155166e-07
3.1126906615414e-07
3.27208317113913e-07
3.40199052167439e-07
3.02484703253339e-07
2.97534925679852e-07
2.94340849216125e-07
2.88371336895058e-07
2.7803364125312e-07
2.78614247377008e-07
3.49079468694039e-07
3.60415599058063e-07
3.79322270677136e-07
3.67649819015065e-07
3.91150616529773e-07
4.18416867802035e-07
4.01690383458725e-07
4.70331239207348e-07
4.52683297326385e-07
4.32565054642436e-07
4.84606481481482e-07
2.7642524069662e-07
2.59109602473482e-07
2.6239016036973e-07
2.66021772485548e-07
2.72924806033755e-07
2.5362848390681e-07
2.59940606280925e-07
2.59730653884993e-07
2.65425473157266e-07
2.62570331995806e-07
2.52703329604827e-07
2.5062818176225e-07
2.46066451336861e-07
2.51692894648077e-07
2.45018989615719e-07
2.49010634376442e-07
2.47997837729366e-07
2.56719580205192e-07
2.59076115670725e-07
2.65740811506747e-07
2.57224410986416e-07
2.63720794104336e-07
2.7087212704638e-07
2.73847474682989e-07
3.1784138072509e-07
3.24974016768882e-07
3.13897425541246e-07
3.47166073214602e-07
3.35362303440657e-07
3.09296510457255e-07
3.02229929306478e-07
2.94706688131828e-07
2.98729051142934e-07
2.865841924864e-07
2.88821333235346e-07
2.88145107157445e-07
3.58783176577679e-07
3.70441470658016e-07
3.82144306615114e-07
3.96361046966722e-07
4.22120614164628e-07
4.06592867729731e-07
4.65353312271614e-07
4.4613780554433e-07
4.32178875846141e-07
4.84606481481482e-07
2.80883461770253e-07
2.68626799432657e-07
2.74462997215624e-07
2.79658756528508e-07
2.72733539149089e-07
2.63866617371897e-07
2.68096917710915e-07
2.69819221720912e-07
2.70804549863209e-07
2.59557926389301e-07
2.59007102499214e-07
2.536340505604e-07
2.54499118839787e-07
2.54114513335279e-07
2.5929831854233e-07
2.62954653304394e-07
2.63232433614477e-07
2.66579324645397e-07
2.72294438956104e-07
2.66444236050618e-07
2.81342762745241e-07
2.78767234599448e-07
2.81342762745241e-07
3.26670057027016e-07
3.20332728338986e-07
3.46998681480022e-07
3.55778872197595e-07
3.35562417157598e-07
3.43480043812387e-07
3.10336385984539e-07
3.18382627434901e-07
2.9728109103049e-07
3.071580010924e-07
2.94183430309659e-07
2.98880240173041e-07
2.91566070928189e-07
2.94992037797831e-07
3.67428613255354e-07
4.03104303326635e-07
3.79238652392624e-07
3.90677928339398e-07
3.75706975148674e-07
4.20910829790205e-07
4.13279678597746e-07
4.66236511196608e-07
4.50855559260491e-07
4.41822222979645e-07
4.84606481481482e-07
2.87338310373045e-07
2.77435313678489e-07
2.81796461942544e-07
2.78828688712878e-07
2.73261957167263e-07
2.76444465171807e-07
2.80769498747762e-07
2.68295375550064e-07
2.63623505311917e-07
2.61068228489451e-07
2.69020969628343e-07
2.70467004808197e-07
2.71906821682596e-07
2.74454237701255e-07
2.78493259711471e-07
2.76641840391532e-07
2.76824233291103e-07
2.86691439519276e-07
2.921677099546e-07
2.83262089701166e-07
2.89015461247714e-07
3.30780588369049e-07
3.52846619686366e-07
3.4025570954788e-07
3.15076707753797e-07
3.22538345816983e-07
3.04896452310876e-07
3.14126162585161e-07
2.95308091607111e-07
3.00683974786853e-07
3.05292437985285e-07
2.99482108395093e-07
3.60317023646727e-07
3.54869550411239e-07
3.92933241222365e-07
3.78592324423108e-07
4.28194061654371e-07
4.05740332089944e-07
4.21049283679809e-07
4.64236800983835e-07
4.48613555098917e-07
4.84606481481482e-07
2.84963584838356e-07
2.91798617094712e-07
2.84038944519745e-07
2.80457247106526e-07
2.87899933736075e-07
2.82981902710623e-07
2.84152081362598e-07
2.9034892696531e-07
2.82260832630177e-07
2.75656413517945e-07
2.73818489614402e-07
2.74840970396296e-07
2.77141380185809e-07
2.79660039942444e-07
2.85528584574477e-07
2.85698437119932e-07
2.8598271848361e-07
2.94852205835232e-07
3.03445458159386e-07
2.90645662202205e-07
2.9500529200274e-07
3.09259780876261e-07
3.15201003383712e-07
3.3590851849111e-07
3.45348401850014e-07
3.21783511374487e-07
3.30668407893071e-07
2.99700357507136e-07
3.17422055151037e-07
3.2441911989572e-07
3.03024636603685e-07
3.06003822551878e-07
3.14486466757017e-07
3.06804420614165e-07
3.68495725220196e-07
3.53366344510347e-07
3.93700833183424e-07
3.82447848970758e-07
4.49552059773209e-07
4.35800502876964e-07
4.10222702274715e-07
4.22374622373352e-07
4.66229019877545e-07
4.60697189753813e-07
4.84606481481482e-07
2.9259465698649e-07
2.97512032063816e-07
2.88366510494069e-07
2.96902580148718e-07
2.90472593465791e-07
2.97315445131781e-07
2.93883880356474e-07
2.89692697606573e-07
2.83861338806029e-07
2.80627021596458e-07
2.85784038799851e-07
2.87724419400116e-07
2.95204741497999e-07
2.94052201586469e-07
3.00821995148109e-07
2.9827656550417e-07
3.2741148179804e-07
3.09259780876261e-07
3.19982098339777e-07
3.41851552483122e-07
3.32799052330414e-07
3.47940210443457e-07
3.10332179978161e-07
3.23672179784977e-07
3.30366834070611e-07
3.1205449566257e-07
3.18968284920186e-07
3.67870709489799e-07
3.59102036046374e-07
3.97107427557424e-07
3.85515317141401e-07
3.77008635219908e-07
4.45794079798345e-07
4.31874569668922e-07
4.09783065428239e-07
4.56150270002396e-07
4.70932766213477e-07
4.84606481481482e-07
3.06064225875062e-07
3.11645344003963e-07
3.00358875461917e-07
3.04022453851338e-07
3.03096847091248e-07
3.02261221035675e-07
3.0819030209232e-07
3.01249477635527e-07
2.95002936824883e-07
2.91934055025711e-07
2.9390006543276e-07
3.00200523326632e-07
3.07426435864376e-07
3.01976497563222e-07
3.06124209969624e-07
3.09410066452378e-07
3.14359043987046e-07
3.30556886835802e-07
3.33737190810226e-07
3.18119299855144e-07
3.2673404683365e-07
3.41568826491977e-07
3.51073664190502e-07
3.16176160325064e-07
3.17397838760576e-07
3.33096584100625e-07
3.21238572062526e-07
3.25443165515009e-07
3.61145578250864e-07
3.72576386017432e-07
3.94005873977342e-07
3.85337651682307e-07
4.31023742107213e-07
4.17851783890385e-07
4.38029363296275e-07
4.51967333307419e-07
4.68414977107192e-07
4.84606481481482e-07
3.15226427987608e-07
3.11325387633588e-07
3.20274699180371e-07
3.10721139232296e-07
3.14375566821654e-07
3.13432101016383e-07
3.16494454167575e-07
3.15692703569815e-07
3.03371818952218e-07
3.02532977748606e-07
3.1186399963472e-07
3.11061594892587e-07
3.1756568169212e-07
3.15741083289496e-07
3.17227599102067e-07
3.22315207645396e-07
3.33737190810226e-07
3.36974058215774e-07
3.40270490413338e-07
3.29592879163242e-07
3.37624684417919e-07
3.46939864275709e-07
3.42640352986319e-07
3.23891529279461e-07
3.35531234571525e-07
3.32176888104638e-07
3.65389815822175e-07
3.7575373645641e-07
3.59364451842789e-07
3.97661701927138e-07
3.8804103622447e-07
4.08976314902672e-07
4.25488778946434e-07
4.44239171603175e-07
4.64829555844874e-07
4.84606481481482e-07
3.24963676905908e-07
3.23900290968359e-07
3.32233387389562e-07
3.2366542991535e-07
3.26245120878415e-07
3.21577365790595e-07
3.23239424876845e-07
3.13612315613557e-07
3.18966168042597e-07
3.23208127125005e-07
3.246627982183e-07
3.25435139382714e-07
3.30404328872826e-07
3.53991302064e-07
3.47036956073721e-07
3.68565391429401e-07
3.37886067441973e-07
3.46161271314708e-07
3.84034850467142e-07
3.48035535249652e-07
3.34991140863961e-07
3.43471650141735e-07
3.84809190739511e-07
3.72428742099438e-07
3.62880262347758e-07
3.42420046667818e-07
4.04052938668713e-07
3.95545209508917e-07
4.22119092805882e-07
4.34831803172167e-07
4.54355416315257e-07
4.70289556631246e-07
4.84606481481482e-07
3.33343730022437e-07
3.31872434068315e-07
3.37847363748427e-07
3.32623456610071e-07
3.34925850521274e-07
3.31519686871481e-07
3.32206275079866e-07
3.24915599550644e-07
3.31621975985425e-07
3.3664789487483e-07
3.34114898117095e-07
3.38500843730869e-07
3.61172141317963e-07
3.55576833430305e-07
3.75448874013379e-07
3.47197491929397e-07
3.58092193175228e-07
3.92274210035272e-07
4.00876313132606e-07
3.53902736685327e-07
3.49602725746522e-07
3.68176553777776e-07
3.76680440837471e-07
3.53649616788762e-07
3.46301413870855e-07
4.1466835625183e-07
3.91760429813471e-07
4.07740142266683e-07
4.3108853833488e-07
4.44969512260148e-07
4.64674038451804e-07
4.84606481481482e-07
3.41208515929816e-07
3.44559785414332e-07
3.44517209846877e-07
3.40778349733021e-07
3.41886043858462e-07
3.37926074810294e-07
3.41053907583044e-07
3.45526524293039e-07
3.43889211676404e-07
3.50861743786781e-07
3.69140995473068e-07
3.7789913744387e-07
3.56245886308131e-07
3.67745568222909e-07
4.02784081279408e-07
3.87679586512176e-07
4.01767082323092e-07
4.19042515802016e-07
3.65596111076916e-07
3.75432473054672e-07
3.63644092888939e-07
3.8608048163064e-07
3.97726027836168e-07
3.59178432549865e-07
4.21676761094879e-07
4.09078058000844e-07
4.44712391107664e-07
4.6867918453963e-07
4.84606481481482e-07
3.54932341051356e-07
3.59665601135621e-07
3.57092684454673e-07
3.50680222321907e-07
3.47137513337015e-07
3.51106785061168e-07
3.58156171730331e-07
3.51367306596181e-07
3.53534380389602e-07
3.65354482425581e-07
3.70521491044448e-07
3.80627086361896e-07
3.73770439039015e-07
3.91981447467383e-07
4.13308409949286e-07
4.03594281858144e-07
4.60650960066522e-07
4.38973534312315e-07
4.28820785711071e-07
4.84606481481482e-07
3.69406743282014e-07
3.76663921569924e-07
4.07556140032123e-07
3.91981616390684e-07
3.69404941966063e-07
4.3872322522367e-07
4.26408485186061e-07
4.62393130849332e-07
4.84606481481482e-07
3.68809352120895e-07
3.65935305604012e-07
3.60306687250684e-07
3.60273074901321e-07
3.67344952375661e-07
3.61878747241278e-07
3.78236548676476e-07
3.80406158011402e-07
3.86855441104867e-07
3.85380638214014e-07
4.06016596316594e-07
4.24900876868247e-07
4.24453753314246e-07
4.7096477085524e-07
4.4953856003596e-07
4.38450795153103e-07
4.84606481481482e-07
3.80023223936149e-07
3.81792977907294e-07
3.89505763547491e-07
4.18896674506768e-07
4.02342316408228e-07
3.88106178399114e-07
4.41209564074669e-07
4.3157365898021e-07
4.32002883143052e-07
4.65057584345571e-07
4.84606481481482e-07
3.7805921072399e-07
3.70367583352843e-07
3.69290341705351e-07
3.76043576225696e-07
3.79417929175927e-07
3.88988166533518e-07
3.91828174754681e-07
3.98920568289283e-07
3.95740356043466e-07
4.15461816795166e-07
4.34549440656766e-07
4.41328422244483e-07
4.68684554051122e-07
4.52904696068487e-07
4.84606481481482e-07
3.88951686798619e-07
4.0246816988672e-07
4.158273176085e-07
4.03606805947066e-07
4.01295022360839e-07
4.37520082764004e-07
4.54825393254359e-07
4.70114583039434e-07
4.84606481481482e-07
3.83476868291525e-07
3.88780993298837e-07
3.79548508567701e-07
3.95235890654779e-07
3.98876590627058e-07
4.07165737473467e-07
4.06006253796978e-07
4.28639291035185e-07
4.21357603217814e-07
4.42858705242752e-07
4.50326579152039e-07
4.65096153769496e-07
4.84606481481482e-07
3.97153308154965e-07
4.18629984753798e-07
4.13933161895294e-07
4.10459164284021e-07
4.34307049831991e-07
4.49986263556095e-07
4.67087508530247e-07
4.84606481481482e-07
3.96591201145259e-07
4.06449067874205e-07
4.10660211375102e-07
4.20101119067327e-07
4.36928816059548e-07
4.3305654811823e-07
4.49962009713803e-07
4.59878357079644e-07
4.84606481481482e-07
4.09783913834444e-07
4.26131948852319e-07
4.24616676892223e-07
4.2317048578534e-07
4.39869070002854e-07
4.64401375793388e-07
4.84606481481482e-07
4.14076835054697e-07
4.24325881347909e-07
4.39298788375292e-07
4.48255709352624e-07
4.65737201610561e-07
4.84606481481482e-07
4.27564559161318e-07
4.37498654460703e-07
4.36226209722109e-07
4.52483301481372e-07
4.69060366456283e-07
4.84606481481482e-07
4.35372444974126e-07
4.53102579948746e-07
4.65738764639889e-07
4.84606481481482e-07
4.44469118582432e-07
4.54015088190964e-07
4.55291920158412e-07
4.84606481481482e-07
4.58808136412383e-07
4.84606481481482e-07
4.65210343328286e-07
4.69921509069041e-07
4.84606481481482e-07
4.84606481481482e-07
4.84606481481482e-07
