2.67642369555543e-07
2.69314398668331e-07
2.57363059423786e-07
2.67642369555543e-07
2.6600522556131e-07
2.62828880876147e-07
2.59802324658422e-07
2.55543993251703e-07
2.51609938440754e-07
2.47453318530513e-07
2.48130804019355e-07
2.53720877250961e-07
2.6600522556131e-07
2.52705478011914e-07
2.46162588821693e-07
2.52116313738834e-07
2.39988915568395e-07
2.39055549123039e-07
2.37949353925989e-07
2.41849999119195e-07
2.50441764098698e-07
2.56889759637749e-07
2.39747083057753e-07
2.38910401364874e-07
2.35364906871572e-07
2.29088374401324e-07
2.31396212211921e-07
2.32800501114097e-07
2.29791509159139e-07
2.25447905035508e-07
2.21962794749522e-07
2.24022697809504e-07
2.30820668702641e-07
2.40729953908137e-07
2.50027794963156e-07
2.32239085752194e-07
2.30014253079963e-07
2.27311733008478e-07
2.17926405254968e-07
2.20263706839572e-07
2.13230152337536e-07
2.18257437821963e-07
2.21338764968046e-07
2.18125655600532e-07
2.12312362547407e-07
2.1549251350559e-07
2.21824217579503e-07
2.28030818415497e-07
2.43678398822172e-07
2.23750024288721e-07
2.16123945029752e-07
2.19074951793582e-07
2.19390955353041e-07
2.12206117548352e-07
2.14843025029097e-07
2.06502214313677e-07
2.07593466727002e-07
2.11145972780896e-07
2.07488701947511e-07
2.04961679645231e-07
2.04062699448507e-07
2.08043226784519e-07
2.14376823224445e-07
2.2002997340788e-07
2.30130327459838e-07
2.10678323130442e-07
2.11663002729256e-07
2.09099060290083e-07
2.01419218739941e-07
2.09703117486276e-07
2.01356216894737e-07
1.96251943743016e-07
1.97874966976849e-07
2.00505643194622e-07
1.98743305669906e-07
1.99080123558678e-07
2.04530299275893e-07
2.10741563637336e-07
2.18423237606954e-07
2.02982709499141e-07
2.00878885313324e-07
1.95822204645407e-07
2.00136742229794e-07
1.90933226905665e-07
1.95471402126184e-07
1.9004274924359e-07
1.91216028683262e-07
1.94002599748695e-07
1.87135801762069e-07
1.92324717705257e-07
1.91118577179638e-07
1.9814846729531e-07
2.02016256541036e-07
2.08046196634609e-07
1.98427465917052e-07
1.97092770708168e-07
1.91932598188856e-07
1.87749406799295e-07
1.95678053243555e-07
1.83885199937029e-07
1.8401221709256e-07
1.89601334101135e-07
1.85434858492471e-07
1.85391497665522e-07
1.81614926056232e-07
1.80195290756022e-07
1.85644722230528e-07
1.83825454446763e-07
1.88570424067154e-07
1.93066054106755e-07
1.98623520078533e-07
1.82786701962257e-07
1.93875214762747e-07
1.92669625523641e-07
1.85061133849978e-07
1.91477331742962e-07
1.7909240098489e-07
1.79116884822432e-07
1.79922832068524e-07
1.8333782888541e-07
1.79182066402637e-07
1.76231685005948e-07
1.70295102977707e-07
1.73616892292251e-07
1.80274910889988e-07
1.80847314337775e-07
1.85056562035562e-07
1.90112551687012e-07
1.79196333337099e-07
1.86335084621605e-07
1.82066320202988e-07
1.83530753728626e-07
1.75930865950342e-07
1.74257587362195e-07
1.75425415852278e-07
1.7377223527567e-07
1.75945798745686e-07
1.73168214355612e-07
1.68755534856745e-07
1.71542959589686e-07
1.65427202071564e-07
1.65921706736252e-07
1.75121414126603e-07
1.68465079967584e-07
1.75340171346068e-07
1.77629231233557e-07
1.82259528731529e-07
1.74858646255404e-07
1.78821523985949e-07
1.76136073452192e-07
1.70002258226973e-07
1.68772734257049e-07
1.694637467796e-07
1.6904144793936e-07
1.61504820643367e-07
1.69367240417247e-07
1.63219121196603e-07
1.66501125867473e-07
1.61963397052575e-07
1.58435318902143e-07
1.63463706730569e-07
1.69326209118458e-07
1.6525858271209e-07
1.67920578832856e-07
1.70828390633645e-07
1.74971996862576e-07
1.71926074771668e-07
1.6936982111078e-07
1.6307491095164e-07
1.64845508260528e-07
1.64668950605365e-07
1.64581756544625e-07
1.63087324256388e-07
1.59367354449898e-07
1.6306001593559e-07
1.61805111917389e-07
1.55669052600528e-07
1.58641068246681e-07
1.54702280557589e-07
1.53308545274166e-07
1.59847075520515e-07
1.63835349321704e-07
1.56289949070194e-07
1.64534219127495e-07
1.60736991709069e-07
1.68290144341154e-07
1.65561915555447e-07
1.61260420503957e-07
1.60052292968508e-07
1.6117466282477e-07
1.60235978643089e-07
1.60154202139154e-07
1.59144563088532e-07
1.57553416116246e-07
1.57342984468415e-07
1.54430448900226e-07
1.51781133986148e-07
1.53994631228803e-07
1.50372473498316e-07
1.48975926371466e-07
1.50759170418631e-07
1.58240728858754e-07
1.52289039256426e-07
1.56799296510647e-07
1.62058887467485e-07
1.59342351571994e-07
1.58217721761675e-07
1.57103355396414e-07
1.57050056335146e-07
1.51419718848661e-07
1.55335252671367e-07
1.56144983644033e-07
1.53561978510899e-07
1.51894414248333e-07
1.51253070528907e-07
1.47845867024114e-07
1.44498923065807e-07
1.48719811802011e-07
1.46477518180481e-07
1.45441787416382e-07
1.46699330871333e-07
1.49291560893611e-07
1.52822059715473e-07
1.5613595743191e-07
1.44211391818517e-07
1.41196575110117e-07
1.53757643143075e-07
1.53213362530321e-07
1.4982834332664e-07
1.48710926316176e-07
1.51269619053514e-07
1.504308211304e-07
1.49647681619555e-07
1.47441351721347e-07
1.44900056023341e-07
1.41190884885875e-07
1.39229121689701e-07
1.44541366034233e-07
1.43546455766651e-07
1.42787371693436e-07
1.40000006177288e-07
1.45744428223869e-07
1.41931934491541e-07
1.47412781596222e-07
1.5050685314725e-07
1.39089442500073e-07
1.48172755959365e-07
1.47123507738868e-07
1.46082933455915e-07
1.45591386726731e-07
1.37263429984911e-07
1.45968908666453e-07
1.46737835572252e-07
1.4359132434809e-07
1.40066195291076e-07
1.36673565336373e-07
1.36038313049942e-07
1.41105908286618e-07
1.38561117635199e-07
1.37485823071419e-07
1.39570905232619e-07
1.42338887006171e-07
1.45218961112347e-07
1.35877828256792e-07
1.34581197433395e-07
1.44981040770556e-07
1.43281849687191e-07
1.41031338409798e-07
1.41550027246163e-07
1.42950333499212e-07
1.35263764078457e-07
1.42771303787316e-07
1.39471521969792e-07
1.33889022688059e-07
1.33281419790861e-07
1.33625305563393e-07
1.35241928831357e-07
1.3350489001023e-07
1.30803924668823e-07
1.33997431757375e-07
1.3618457341854e-07
1.3756384664687e-07
1.40211522251865e-07
1.32846775070481e-07
1.31599715736407e-07
1.33400822810047e-07
1.30899070077732e-07
1.41029227505308e-07
1.39588890934375e-07
1.38587367548371e-07
1.36205884879487e-07
1.37895724651302e-07
1.38365343976364e-07
1.36815142908608e-07
1.32819899954948e-07
1.30419340218308e-07
1.2977290767468e-07
1.31266863482562e-07
1.30665652596292e-07
1.27362239640588e-07
1.3213722880815e-07
1.34023121463264e-07
1.31224641926765e-07
1.35435574226964e-07
1.28499728188496e-07
1.27497201975149e-07
1.29324977970944e-07
1.26820099943257e-07
1.3736118062988e-07
1.34897848220074e-07
1.33910394302544e-07
1.34628402076841e-07
1.33089591329603e-07
1.30033114653209e-07
1.29128409942952e-07
1.27125547450424e-07
1.2557508628287e-07
1.28220509111955e-07
1.26957732230016e-07
1.24352756555135e-07
1.26996567758591e-07
1.24681004968367e-07
1.28508087686296e-07
1.30931696359112e-07
1.24423338324423e-07
1.23909342272686e-07
1.24882797399095e-07
1.33533544531923e-07
1.32591259584689e-07
1.31664784390602e-07
1.28929603179265e-07
1.27123899488397e-07
1.24400419039889e-07
1.24017098997844e-07
1.22034207692258e-07
1.20863113744151e-07
1.21649510327053e-07
1.26187336134777e-07
1.2447842314975e-07
1.21260258182596e-07
1.22599323511354e-07
1.24448774998369e-07
1.26652376389413e-07
1.21783369070551e-07
1.21217014758084e-07
1.22116384399887e-07
1.29225225973569e-07
1.26789767709599e-07
1.27342492689645e-07
1.25019254456567e-07
1.21834599372402e-07
1.19336589675032e-07
1.20193238827106e-07
1.18308324616594e-07
1.18847045010128e-07
1.18010287041135e-07
1.23308086322652e-07
1.21436464301526e-07
1.19061484036745e-07
1.21389433259696e-07
1.22586873186863e-07
1.19269087158579e-07
1.18682594384829e-07
1.19150221894765e-07
1.25044982322665e-07
1.23236117241516e-07
1.23255754751555e-07
1.20810274472077e-07
1.18837069326092e-07
1.16670025455777e-07
1.17644650596762e-07
1.15523103932544e-07
1.16103506772691e-07
1.14806215847869e-07
1.18929033586067e-07
1.15048732350589e-07
1.16443274965536e-07
1.19785681044479e-07
1.1850335746153e-07
1.18642777958083e-07
1.15375270001493e-07
1.1643860790543e-07
1.16003261065194e-07
1.21052391483845e-07
1.19084751576616e-07
1.19292108828237e-07
1.15389072134404e-07
1.16346609002812e-07
1.14028278212406e-07
1.14054669878226e-07
1.12661321308718e-07
1.12049456019232e-07
1.12259758414293e-07
1.13144822605475e-07
1.1652488572425e-07
1.13272553600414e-07
1.15491184673144e-07
1.16304255794263e-07
1.10755161015588e-07
1.08551835053863e-07
1.14810706089596e-07
1.11096882812238e-07
1.13105795763306e-07
1.13409293924322e-07
1.1703473666116e-07
1.1544196952472e-07
1.13409304734316e-07
1.14387368611246e-07
1.11725657597526e-07
1.10122609173204e-07
1.0995738306398e-07
1.09102513533404e-07
1.10194365185635e-07
1.07131621335804e-07
1.12763150283103e-07
1.12121349122038e-07
1.11445373759412e-07
1.09287798213495e-07
1.07062584400866e-07
1.06223400097545e-07
1.11119682689225e-07
1.08798169447286e-07
1.09789347236249e-07
1.10805553101147e-07
1.10857308171024e-07
1.13437613503918e-07
1.11222525200419e-07
1.10728719393424e-07
1.09915615009635e-07
1.0734249357594e-07
1.06853050461825e-07
1.06736664245208e-07
1.06554663557267e-07
1.04866016916084e-07
1.04265714771269e-07
1.09166428638387e-07
1.08981565973982e-07
1.06946004320077e-07
1.0602256318136e-07
1.05211414541857e-07
1.03888167348721e-07
1.07573223696773e-07
1.0549641164885e-07
1.07242540891569e-07
1.08952265585654e-07
1.08705626710974e-07
1.0907417992879e-07
1.09699500906418e-07
1.08923726972774e-07
1.0815228041688e-07
1.05318606987698e-07
1.04404094071446e-07
1.04200447244147e-07
1.02664924809715e-07
1.02078347530186e-07
1.01845513172125e-07
1.05635829738584e-07
1.04356766345176e-07
1.04678216903643e-07
1.03059141314489e-07
1.02259550978826e-07
1.01370233229188e-07
1.04186837997176e-07
1.03380529684661e-07
1.04782961226868e-07
1.06897752797746e-07
1.06642274254159e-07
1.06113866723107e-07
1.06285724024866e-07
1.04738759924668e-07
1.00326344768488e-07
1.01160595091229e-07
1.0197114164162e-07
1.01423600288778e-07
9.93324343945697e-08
9.91453789526819e-08
9.96108429477903e-08
1.02413735362355e-07
1.00306354020231e-07
9.9967769034508e-08
9.85867234983366e-08
1.00945698942541e-07
1.03619898594046e-07
1.0250033420509e-07
1.032442490204e-07
1.04018611717052e-07
1.00409954746369e-07
1.02946331208014e-07
1.01476850795079e-07
9.70603981445999e-08
9.71137603990024e-08
9.88936716126505e-08
9.93734018485711e-08
9.9536837695947e-08
9.73093333461462e-08
9.73986878258354e-08
9.92742953612236e-08
9.75477783333958e-08
9.76656664388505e-08
9.57806903558538e-08
9.7882207086151e-08
9.51578241494774e-08
1.01219796675582e-07
1.01644217214533e-07
1.00645916249063e-07
1.01329761808178e-07
9.83828143285279e-08
9.97877707111358e-08
9.83859932089493e-08
9.54277353541985e-08
9.53976480300163e-08
9.69867284438126e-08
9.78634879887436e-08
9.54362801012796e-08
9.56626007301035e-08
9.48164702454551e-08
9.32861947346019e-08
9.62933879879828e-08
9.55725610963742e-08
9.39323715759955e-08
9.50012075077238e-08
9.29042122314221e-08
9.96461448452869e-08
9.85191972130959e-08
9.63194823918469e-08
9.77899918492575e-08
9.68164359003807e-08
9.5463839637532e-08
9.34155663219956e-08
9.42520526618268e-08
9.58918039362414e-08
9.29644374068808e-08
9.17054727993561e-08
9.41949335110595e-08
9.3098074767564e-08
9.35240528293219e-08
9.25497294300636e-08
9.13750203314056e-08
9.34080438198679e-08
9.19735261614782e-08
9.22591518294639e-08
9.11716759938754e-08
9.08305894035626e-08
9.67095803660413e-08
9.44020109041666e-08
9.57379579308427e-08
9.47156454440741e-08
9.40808261709541e-08
9.28889926348987e-08
9.14866942632476e-08
8.96506705617917e-08
9.10212056500977e-08
9.24448365899766e-08
9.00517054427862e-08
8.93387567039908e-08
9.14778863196269e-08
9.09569503483528e-08
9.15201797120213e-08
9.08029000239529e-08
9.00285378559628e-08
9.00659458932873e-08
9.06008957179658e-08
9.09240426639628e-08
8.87795424313818e-08
8.86613005895066e-08
9.39857015352973e-08
9.24512600080933e-08
9.39464453218714e-08
9.3327891382604e-08
9.27122230510376e-08
9.0943095845974e-08
9.04978391879333e-08
8.88805993731592e-08
8.71313888840335e-08
8.96529068700448e-08
8.76742242546187e-08
8.79580201584946e-08
8.94064385839014e-08
8.89309672978184e-08
9.02318582585601e-08
8.91372323941678e-08
8.80804677748012e-08
8.84469096613071e-08
8.81842377026181e-08
8.96615477861589e-08
8.7175993394875e-08
8.61389893363433e-08
8.60814289632476e-08
8.48084442358496e-08
9.11600918809608e-08
9.12683889607668e-08
9.00711640952583e-08
8.87294729119959e-08
8.91448963578771e-08
8.65575816379408e-08
8.52747730066228e-08
8.54700043195824e-08
8.73004599081922e-08
8.61988805982118e-08
8.71634255544619e-08
8.83899794471777e-08
8.74534563301209e-08
8.6595443861574e-08
8.59119269978679e-08
8.72449391177195e-08
8.54927936260923e-08
8.4105320455224e-08
8.4806912453247e-08
8.19828165739515e-08
8.313467791724e-08
8.34587579099077e-08
8.87638004298419e-08
8.76430778583248e-08
8.64063717644749e-08
8.74071273266147e-08
8.74906039261432e-08
8.39728431991846e-08
8.36914170492169e-08
8.44475553691241e-08
8.56965127148546e-08
8.54831868504412e-08
8.43673346187433e-08
8.38928018672188e-08
8.59995457827985e-08
8.48719074094742e-08
8.44027421936916e-08
8.49145366172412e-08
8.3302045012505e-08
8.33284108502685e-08
8.18183082277225e-08
8.04986826112738e-08
8.13417292694217e-08
8.09697263087968e-08
8.63817205307172e-08
8.52999336479118e-08
8.52641832953861e-08
8.57071022211496e-08
8.30050003639472e-08
8.1892261295945e-08
8.26975911290875e-08
8.33673856181522e-08
8.40771600407064e-08
8.32562606992906e-08
8.24852480934472e-08
8.2092392751031e-08
8.36904097912987e-08
8.31998136390347e-08
8.19811728310738e-08
8.2642167098108e-08
8.26265131083575e-08
8.12316891646202e-08
8.02472200907643e-08
8.04098454337002e-08
7.9239242051987e-08
7.93743368567461e-08
7.98930559853369e-08
8.00482058002098e-08
8.40759816152502e-08
8.3992430217679e-08
8.24007891407768e-08
8.18825053093266e-08
8.01696089449819e-08
8.12936794514735e-08
8.20681359117222e-08
8.11556592979449e-08
8.17891756797793e-08
8.16808554038668e-08
8.01011361436772e-08
8.14486311785245e-08
8.13718147999631e-08
8.00407183035107e-08
7.85674918766345e-08
8.04155183888067e-08
7.8875938453854e-08
7.78117058494025e-08
7.90371200245742e-08
7.76105506432392e-08
7.74158437499998e-08
7.82744259493425e-08
7.86817652226746e-08
8.17935931621723e-08
8.12861234418228e-08
8.07806784685447e-08
7.84572008173051e-08
7.92112251181222e-08
7.95524358232046e-08
7.97185039187622e-08
7.98693127912265e-08
7.82581926435489e-08
7.87404926074788e-08
7.9228064520509e-08
7.85901671820255e-08
7.70479645421392e-08
7.82461690533077e-08
7.64235510251419e-08
7.68827953432853e-08
7.65204784151981e-08
7.57924593351022e-08
7.46880455838374e-08
7.54961397203019e-08
7.65194508265161e-08
7.72117816863952e-08
7.69583324566528e-08
7.96257646322617e-08
7.86051962833601e-08
7.80336374027252e-08
7.69152022083298e-08
7.70716105596812e-08
7.79162801955564e-08
7.77152126955873e-08
7.71163795301535e-08
7.55309150871438e-08
7.61302322599922e-08
7.46178655130432e-08
7.39147796321106e-08
7.30844540868165e-08
7.40186699448876e-08
7.29751646630758e-08
7.18995725119161e-08
7.29909042767223e-08
7.44236382240261e-08
7.55108318166748e-08
7.56663667833685e-08
7.51467890376005e-08
7.74682545778388e-08
7.64768757349895e-08
7.68308215862585e-08
7.66139968157122e-08
7.58269377821776e-08
7.47067905420113e-08
7.60854052511919e-08
7.61670916377716e-08
7.60045991584597e-08
7.44108170108707e-08
7.50393920319664e-08
7.39695875720123e-08
7.40696449918835e-08
7.26828797351465e-08
7.2514352311022e-08
7.16041478650608e-08
7.25534638964393e-08
7.13928259105402e-08
7.05266277919672e-08
7.26728960056121e-08
7.17823754391458e-08
7.32149157885123e-08
7.37705460898233e-08
7.18849555668148e-08
7.33495440841149e-08
7.52280912675338e-08
7.53847671795449e-08
7.53203366222809e-08
7.39923930307191e-08
7.45729395990306e-08
7.25461530702392e-08
7.3717177029393e-08
7.15648577678695e-08
7.33534602114351e-08
7.23769657225018e-08
7.29967191002827e-08
7.20410200714071e-08
7.12823975929097e-08
7.09362454889478e-08
6.98802561345545e-08
7.00636012383468e-08
7.07866333382991e-08
6.89231528153324e-08
6.98065037629685e-08
7.1453912108696e-08
6.96912900606132e-08
7.18556009554446e-08
7.04941731351954e-08
7.13187029502164e-08
7.38754479370813e-08
7.34264137982225e-08
7.24306229475816e-08
7.22833716109647e-08
7.14878742844066e-08
7.06205918735601e-08
6.98791187239484e-08
7.25704046945693e-08
7.18464208107436e-08
7.1371667819183e-08
7.09923065011664e-08
6.96919924292265e-08
6.95644763182428e-08
6.91367926118982e-08
6.81768031593416e-08
6.77338133432495e-08
6.91286246316535e-08
6.8850470659803e-08
6.81356167843607e-08
6.95430510446797e-08
6.81584947968167e-08
6.71035082937871e-08
7.00188949463854e-08
6.91852720902549e-08
6.95877419249657e-08
7.19314229817067e-08
7.0668489374167e-08
7.01209539938097e-08
6.92807645225133e-08
6.85688166634666e-08
7.13055342761588e-08
7.0844539998786e-08
7.03883044947271e-08
6.84191982087794e-08
6.90701827020435e-08
6.86414940968081e-08
6.78642858209413e-08
6.70594882339573e-08
6.68941950038438e-08
6.68345708658847e-08
6.65053860990807e-08
6.82033011541514e-08
6.69076498875323e-08
6.56622267073072e-08
6.79247940461104e-08
6.59376797426966e-08
6.66072472979341e-08
6.74177793099119e-08
6.93432345383564e-08
6.80930407256516e-08
6.91744641354109e-08
6.83011857809064e-08
6.71172362990241e-08
6.65661633545898e-08
6.93946790139678e-08
6.82249598390242e-08
6.85110015593693e-08
6.66862870150309e-08
6.72557610397378e-08
6.56743304392234e-08
6.60146700088331e-08
6.56111092045562e-08
6.51912841319126e-08
6.46833113089015e-08
6.63723296568209e-08
6.52682978046538e-08
6.44717313129405e-08
6.41750105912526e-08
6.64130925907599e-08
6.50545221647086e-08
6.57546440339482e-08
6.54714702071524e-08
6.77934536958817e-08
6.69870540654098e-08
6.72533764525207e-08
6.57787598490019e-08
6.69074581372786e-08
6.75460739338862e-08
6.66757035884198e-08
6.28086650236709e-08
6.54794871014383e-08
6.45073005491228e-08
6.44180642131046e-08
6.44205323819492e-08
6.34894608887623e-08
6.37099435731845e-08
6.46110776346552e-08
6.35564785398e-08
6.33965431402747e-08
6.22249700957472e-08
6.48584078337624e-08
6.37361189647461e-08
6.25673037215446e-08
6.42735440424834e-08
6.42736612772413e-08
6.62672908404998e-08
6.56855613291277e-08
6.60240625439126e-08
6.45551547141049e-08
6.57305203503682e-08
6.48978431630338e-08
6.43214253237697e-08
6.14905071168768e-08
6.19954541194986e-08
6.37493291074033e-08
6.31595968310987e-08
6.20442994402778e-08
6.27514507932525e-08
6.29662575785285e-08
6.21189020801808e-08
6.16237872209292e-08
6.11318770368776e-08
6.03759298572355e-08
6.31180291808368e-08
6.31106022513933e-08
6.15372111408759e-08
6.2997465205829e-08
6.35958017532212e-08
6.49364751859121e-08
6.47495718522043e-08
6.34434445476725e-08
6.40203235950972e-08
6.3237875998211e-08
6.31809225698063e-08
6.31512114704589e-08
6.09752390169029e-08
6.01251739269354e-08
6.21214178237139e-08
6.19598881108904e-08
6.1234786094977e-08
6.13653095844037e-08
6.13489502053736e-08
6.05842368782167e-08
6.0628983565904e-08
6.02599962652514e-08
5.96182971449364e-08
5.92947450001875e-08
5.95232234468061e-08
6.2078500051468e-08
6.19757669618756e-08
6.03214899641662e-08
6.16242882482374e-08
6.22102578097504e-08
6.25204489684064e-08
6.28355992499678e-08
6.20463149660179e-08
6.23899063935235e-08
6.16170440371977e-08
6.19656774437196e-08
6.2072218045679e-08
6.00679260141713e-08
5.91034685881497e-08
6.02406849636828e-08
5.9274482854401e-08
6.05475523959414e-08
6.05142968664451e-08
5.98147317125437e-08
5.80888571228094e-08
5.94692513206021e-08
5.92329040383011e-08
5.87467700570603e-08
5.78994279708243e-08
5.82008910592864e-08
6.07431429190594e-08
5.90987723176128e-08
6.07362966699207e-08
6.07079074165671e-08
5.93099256818481e-08
6.11279967467979e-08
6.0561330596307e-08
6.08020458336009e-08
6.0768430469148e-08
5.96736401280181e-08
5.9987985432675e-08
5.81669758863225e-08
5.89812947478002e-08
5.90316965795696e-08
5.87262272155774e-08
5.83245692752223e-08
5.71000301122892e-08
5.68746762813072e-08
5.6969547495793e-08
5.80748946097221e-08
5.80181570043458e-08
5.78008383578822e-08
5.71298627900481e-08
5.6550274405299e-08
5.96885604824602e-08
5.87488958430179e-08
6.00108312201286e-08
5.77752065812104e-08
5.94536612212894e-08
5.89188987827311e-08
5.85689574401804e-08
5.71388342252901e-08
5.97785528017333e-08
5.92738375036169e-08
5.90673073934546e-08
5.72464766534752e-08
5.61652293605103e-08
5.7558536875458e-08
5.75862424243928e-08
5.68109867590522e-08
5.69086167964984e-08
5.52912908975791e-08
5.62586650067691e-08
5.60021329847178e-08
5.58531582296236e-08
5.49543430679082e-08
5.70911300851152e-08
5.63051833716892e-08
5.66400563732433e-08
5.56635944197324e-08
5.5583917753129e-08
5.9017471693382e-08
5.67623030008654e-08
5.72995362956938e-08
5.64606070524294e-08
5.82884079652401e-08
5.78232149384153e-08
5.67847598265714e-08
5.80529878322511e-08
5.7795177727539e-08
5.58865800987109e-08
5.52822890349411e-08
5.60530795715702e-08
5.62151482391255e-08
5.4864882959446e-08
5.55701401647382e-08
5.43547592733009e-08
5.42968911006802e-08
5.52069043467688e-08
5.47704925863592e-08
5.38603707260149e-08
5.56147194168893e-08
5.57775206530203e-08
5.45347704921718e-08
5.42863787967972e-08
5.46864540881198e-08
5.57921046352816e-08
5.57770361935941e-08
5.74012648194653e-08
5.64236089647427e-08
5.61116787243851e-08
5.73139210563824e-08
5.6432154018754e-08
5.69342514525928e-08
5.44430511380557e-08
5.44668474693679e-08
5.48875176450774e-08
5.41531842090063e-08
5.35707130432435e-08
5.42499725077926e-08
5.3513863696563e-08
5.39708433195902e-08
5.35942877216606e-08
5.3091785738144e-08
5.41829406354902e-08
5.31260943657452e-08
5.35327151596346e-08
5.5114112414328e-08
5.44667256371354e-08
5.5051771457056e-08
5.60577766341449e-08
5.5608150823418e-08
5.63255968567091e-08
5.58737729546653e-08
5.39407909106555e-08
5.43542300756004e-08
5.33010647583723e-08
5.32911131082448e-08
5.25046786026218e-08
5.26600497830698e-08
5.35922579127256e-08
5.30127345104273e-08
5.23083859114374e-08
5.29748024173097e-08
5.20192774423112e-08
5.28298448260405e-08
5.25845753201933e-08
5.22524021020644e-08
5.29427264866532e-08
5.20406893699642e-08
5.23841582779899e-08
5.2056048987202e-08
5.45814685119877e-08
5.41315714715485e-08
5.38233194051655e-08
5.31863387194517e-08
5.52307843123371e-08
5.47837046642944e-08
5.52256645183504e-08
5.35810322897738e-08
5.22362882833178e-08
5.28130065804257e-08
5.3379543557015e-08
5.22697263987636e-08
5.11703430674781e-08
5.15669537601531e-08
5.23268169716944e-08
5.13880855880165e-08
5.17137302589321e-08
5.08790169017944e-08
5.16081719874185e-08
5.12427173022091e-08
5.1600040504431e-08
5.11935871741494e-08
5.11914149348073e-08
5.37852361735609e-08
5.35817007482404e-08
5.28604396450092e-08
5.25529022492478e-08
5.39567139580757e-08
5.28157361231962e-08
5.12451199981964e-08
5.21118803183016e-08
5.21785805982266e-08
5.06881195575925e-08
5.04379162191485e-08
5.0153452380472e-08
5.04276775073308e-08
4.96901235463652e-08
5.1074155618494e-08
5.04413983817506e-08
5.04662874158946e-08
4.90440240199881e-08
4.99469255759956e-08
5.0485698712212e-08
5.02130555268633e-08
5.06996592787633e-08
5.02307082083097e-08
4.95799824771996e-08
5.28966864487327e-08
5.2531425010348e-08
5.22267846893427e-08
5.19229501228316e-08
5.25066575048548e-08
5.14468030132905e-08
5.0785315530238e-08
5.12375571973103e-08
4.96312940900532e-08
4.97223012301269e-08
4.92856668005006e-08
4.95664172065192e-08
4.8829816581421e-08
4.98341966750624e-08
4.92320292939658e-08
4.81098100892598e-08
4.86336068501138e-08
4.91651224214746e-08
4.77957009062212e-08
4.93719093829125e-08
4.91543948360965e-08
4.89240624739237e-08
4.84419253902901e-08
5.1265106161626e-08
5.12820097699115e-08
5.06732672293891e-08
5.09699731834911e-08
5.06011541403124e-08
5.02736024185717e-08
5.00515881185176e-08
4.96419806753732e-08
4.8757438672008e-08
4.86708164811264e-08
4.8011277626522e-08
4.85959118858633e-08
4.76331332294298e-08
4.86087578915756e-08
4.80223318267068e-08
4.71610228990346e-08
4.69290070602505e-08
4.79851055161193e-08
4.85707979077726e-08
4.70754827221327e-08
4.82107517538143e-08
4.81854934720158e-08
4.63520186396814e-08
4.75826088835137e-08
4.73941941292534e-08
4.70909826376769e-08
5.00398001376004e-08
4.94368415596495e-08
4.93998915467181e-08
4.94130434115523e-08
4.894959069138e-08
4.8713445047853e-08
4.78120748974082e-08
4.8203415883867e-08
4.72225933161571e-08
4.6859124638555e-08
4.76794237546588e-08
4.68411797615736e-08
4.74221661235014e-08
4.68442008002926e-08
4.62034396489137e-08
4.62899494129126e-08
4.71327030753538e-08
4.64734196540557e-08
4.73283040333726e-08
4.55723037491132e-08
4.5453101979825e-08
4.67609661786529e-08
4.6237625704692e-08
4.62977388223838e-08
4.64282770711522e-08
4.88108231524403e-08
4.82198476418988e-08
4.82851961438372e-08
4.84817145933735e-08
4.7614926368941e-08
4.78434471854748e-08
4.68493428618871e-08
4.60872242801874e-08
4.70397355854024e-08
4.62461376473276e-08
4.62545930344988e-08
4.55308217835102e-08
4.56985932652662e-08
4.54528190157085e-08
4.50311156585563e-08
4.4793953802625e-08
4.56264107596283e-08
4.60336171050816e-08
4.57743323910767e-08
4.47349249836223e-08
4.46816700277059e-08
4.57996815332371e-08
4.53194982254138e-08
4.54887871527027e-08
4.56034673209663e-08
4.72566194702514e-08
4.76189677932938e-08
4.76080210537177e-08
4.67423518624482e-08
4.64530670814099e-08
4.54409682185513e-08
4.60447158208262e-08
4.64541021133473e-08
4.51422076560237e-08
4.48098353508118e-08
4.46197142562384e-08
4.47559752921739e-08
4.4174727359023e-08
4.38802436216331e-08
4.47504750097328e-08
4.49791768893551e-08
4.40811437067478e-08
4.39780806121331e-08
4.43365754638708e-08
4.4958902144397e-08
4.43793469894916e-08
4.47488574510027e-08
4.47156638292402e-08
4.46408126570811e-08
4.66164561641881e-08
4.64437740249571e-08
4.61621799925071e-08
4.57078885838108e-08
4.5846960664179e-08
4.52611511772194e-08
4.58838394801592e-08
4.43229132173651e-08
4.35998109977988e-08
4.40965135485477e-08
4.4092424038972e-08
4.34513869122362e-08
4.33320780579359e-08
4.33968268693765e-08
4.3076358815798e-08
4.33507247552912e-08
4.40913480985357e-08
4.32501520881472e-08
4.35605160593003e-08
4.36227101784322e-08
4.40226318866028e-08
4.38117537821289e-08
4.40205601221065e-08
4.38651386484789e-08
4.53203316694305e-08
4.53269734307908e-08
4.49648002578225e-08
4.4257222486306e-08
4.43230069103661e-08
4.47963280260083e-08
4.35211750462729e-08
4.34746741374882e-08
4.27940242432639e-08
4.26154530302209e-08
4.21491723224586e-08
4.31038287894918e-08
4.26484341248838e-08
4.24621461420279e-08
4.26621439109283e-08
4.30810863155015e-08
4.27699100889903e-08
4.3386859433345e-08
4.29826484863062e-08
4.33649950047075e-08
4.28996231775465e-08
4.3157821288995e-08
4.42667652176844e-08
4.3770101766363e-08
4.38008884600475e-08
4.37647631126528e-08
4.30310858892889e-08
4.2714616798289e-08
4.27797205478013e-08
4.21266242713076e-08
4.16400835657791e-08
4.17243693898752e-08
4.18440475436278e-08
4.21265812489549e-08
4.17758862536898e-08
4.21547462929436e-08
4.11561473151621e-08
4.23548690956595e-08
4.20461321979174e-08
4.2807132444827e-08
4.20132713968176e-08
4.24015346297898e-08
4.2547870408515e-08
4.24257714094437e-08
4.32686442973404e-08
4.3266260603887e-08
4.27788814287923e-08
4.2598733108054e-08
4.17539258271723e-08
4.25890175603475e-08
4.22884843643623e-08
4.14938340789715e-08
4.11116630661409e-08
4.1166626719282e-08
4.06971609350548e-08
4.11701978768546e-08
4.09917605615952e-08
4.13158987397247e-08
4.12895120870649e-08
4.12326133161544e-08
4.06060439585819e-08
4.16095322168108e-08
4.20430277523518e-08
4.16089585175695e-08
4.18180591700106e-08
4.14292592612415e-08
4.0717051012402e-08
4.11411755971148e-08
4.22889483920084e-08
4.18020319122881e-08
4.19466749232527e-08
4.13242358950003e-08
4.08133991914168e-08
4.04315236344779e-08
4.08528070190014e-08
4.01240339229879e-08
4.05550891604354e-08
4.00534206723971e-08
3.97680489584399e-08
4.02352121403615e-08
4.02394601915129e-08
3.96349931199906e-08
3.93550558067095e-08
4.0776431212283e-08
4.05443034932064e-08
4.0639720018753e-08
3.98384246060404e-08
4.05221716130568e-08
4.13870469601031e-08
4.0867082417172e-08
4.09396098084699e-08
4.01214338066399e-08
4.02101727689969e-08
4.01930205815015e-08
4.03955154438001e-08
4.13225582840887e-08
4.07329225080296e-08
4.06212266073266e-08
3.97764130332853e-08
3.97543345792985e-08
4.03865536427264e-08
3.95574743165217e-08
3.96143213143261e-08
3.92931667076473e-08
3.90203769363239e-08
3.88469427774482e-08
3.93156300625118e-08
3.88630710591355e-08
3.9005699129026e-08
3.8477472703474e-08
3.96739570561726e-08
3.97095592770179e-08
3.91101575850242e-08
3.95622993260101e-08
4.02389987844167e-08
3.99074236221796e-08
3.94403043691624e-08
3.9483358682839e-08
3.95514683142629e-08
3.93236069940522e-08
3.90888252961782e-08
4.00547559549122e-08
4.03909827736372e-08
4.01564029647915e-08
3.9085596666941e-08
3.94716584970112e-08
3.99223390061371e-08
3.79336256787945e-08
3.8860808345613e-08
3.87000355136743e-08
3.83971742404574e-08
3.8406382441757e-08
3.7806514151334e-08
3.81697767845386e-08
3.84596039023151e-08
3.80068233944921e-08
3.78382728546783e-08
3.90810601982134e-08
3.83979026024015e-08
3.89261458137805e-08
3.87628461508307e-08
3.92004287516962e-08
3.87744276598713e-08
3.86246483409537e-08
3.86696188303189e-08
3.85033145241459e-08
3.83426743232492e-08
3.94654381894771e-08
3.89812814194057e-08
3.85680002211141e-08
3.89999138284047e-08
3.72145007726136e-08
3.70453256582833e-08
3.78152089185209e-08
3.82205058762538e-08
3.74990521547336e-08
3.74163026285997e-08
3.72199823498422e-08
3.77247905125854e-08
3.73969785824154e-08
3.79257686114703e-08
3.82032806164666e-08
3.73294165693532e-08
3.79039497263136e-08
3.82512025971871e-08
3.78547329520488e-08
3.78880443143719e-08
3.79093764822091e-08
3.77608092312778e-08
3.85495656256573e-08
3.81367226087795e-08
3.7652244499689e-08
3.74486378525752e-08
3.80853132071027e-08
3.66217756656171e-08
3.61750459266284e-08
3.74064008281416e-08
3.71526425936637e-08
3.66364055033092e-08
3.67252486223941e-08
3.67299422057037e-08
3.70346746464991e-08
3.75331815117099e-08
3.75035646232185e-08
3.69007430044592e-08
3.72797693353002e-08
3.72480963413807e-08
3.71638287725479e-08
3.6908651217098e-08
3.69527065759389e-08
3.7226391103543e-08
3.76407126880675e-08
3.70969654897174e-08
3.71910624738722e-08
3.70401402892005e-08
3.65121677998181e-08
3.62329467555392e-08
3.57586984174476e-08
3.53117328685412e-08
3.65958363462256e-08
3.62251771313829e-08
3.60424554665018e-08
3.6236719459297e-08
3.63193627543371e-08
3.61131573029847e-08
3.59980925400753e-08
3.69192671425898e-08
3.65372777206291e-08
3.67307497780517e-08
3.66262504197527e-08
3.63773779870991e-08
3.61118452457079e-08
3.64945521681507e-08
3.67737121947785e-08
3.63196038494226e-08
3.64586820621892e-08
3.59186658617097e-08
3.54551422071633e-08
3.4473819913405e-08
3.57553786551339e-08
3.49010585445565e-08
3.56862778827921e-08
3.52854824573761e-08
3.54175267773651e-08
3.5593032538297e-08
3.56544510490982e-08
3.60037436021621e-08
3.54532667860129e-08
3.51484157307109e-08
3.6024093899388e-08
3.61293038420144e-08
3.59006814615546e-08
3.55638424938927e-08
3.53884412569845e-08
3.55187730049893e-08
3.59013075584108e-08
3.5336597168212e-08
3.52498663394634e-08
3.48524734978609e-08
3.5025479097644e-08
3.42882645451219e-08
3.40755192668793e-08
3.49226729658848e-08
3.41030424355444e-08
3.47433540442775e-08
3.47877939659744e-08
3.50975221692686e-08
3.485339183971e-08
3.52062029753742e-08
3.52935438522414e-08
3.4825424135133e-08
3.4607416601299e-08
3.53916257647786e-08
3.48799497216765e-08
3.51754918230427e-08
3.49565448957865e-08
3.46887794809486e-08
3.45384046687329e-08
3.50494496590203e-08
3.48232410953606e-08
3.42514826526258e-08
3.42909225917447e-08
3.46069297789876e-08
3.38881175833846e-08
3.36836076433256e-08
3.41683025391238e-08
3.3592269503005e-08
3.41688889798445e-08
3.44464397932928e-08
3.36635308880134e-08
3.43942591094197e-08
3.46674174313562e-08
3.42568897470135e-08
3.41765716126182e-08
3.4645681291433e-08
3.4107511203756e-08
3.44514618639126e-08
3.43629485676105e-08
3.443631446429e-08
3.39377589932812e-08
3.42280717482019e-08
3.37658649102708e-08
3.37242355989784e-08
3.38111416221426e-08
3.33219098809597e-08
3.29395446560607e-08
3.30104039034733e-08
3.36349567596894e-08
3.3435494536174e-08
3.38728454163562e-08
3.39823227639645e-08
3.33824908588463e-08
3.31682197341091e-08
3.37439677986119e-08
3.33994540003849e-08
3.38684396117665e-08
3.38169708227655e-08
3.39464656086248e-08
3.36081572110472e-08
3.33978813405371e-08
3.34564467339916e-08
3.37153224364379e-08
3.33513568385552e-08
3.31344535261494e-08
3.34530972219392e-08
3.32295754216369e-08
3.3185295561623e-08
3.30615965786067e-08
3.2600876467702e-08
3.22104104985003e-08
3.26320555893492e-08
3.21260741461032e-08
3.28533218516453e-08
3.3297444054456e-08
3.28313344469865e-08
3.32807815298865e-08
3.29593058673494e-08
3.31916367136061e-08
3.3270261704824e-08
3.26540540110387e-08
3.29565952320365e-08
3.3023518090209e-08
3.29065384010565e-08
3.26837514437186e-08
3.30708684651916e-08
3.24943241065686e-08
3.2721770694318e-08
3.27521253503085e-08
3.23315576661398e-08
3.22216119785962e-08
3.21928154758121e-08
3.18921146581468e-08
3.16258838887654e-08
3.151268797338e-08
3.23104855449122e-08
3.18099349194419e-08
3.22802768176339e-08
3.25757520302054e-08
3.27167114820665e-08
3.24444139810817e-08
3.2480560280005e-08
3.2566734760531e-08
3.23520246515464e-08
3.2377713275157e-08
3.25047935620211e-08
3.21853299643088e-08
3.22402842757113e-08
3.21286263720536e-08
3.20233217197424e-08
3.16284978298427e-08
3.17557281255381e-08
3.0935723993986e-08
3.18428040752255e-08
3.18978183365769e-08
3.12425783921523e-08
3.1201286750027e-08
3.08207444248688e-08
3.09201408372999e-08
3.1727282615538e-08
3.18508106665257e-08
3.21626827306466e-08
3.21357259987828e-08
3.19338914661574e-08
3.1842302580569e-08
3.20396095994093e-08
3.19393665379171e-08
3.17607645048213e-08
3.17410291181398e-08
3.13981223605575e-08
3.13714172549876e-08
3.13559671825065e-08
3.13157573392621e-08
3.0785246414431e-08
3.05911941926322e-08
3.1246257684571e-08
3.10877514787449e-08
3.03455492708531e-08
3.0519881012754e-08
3.01337145068191e-08
2.94514845513784e-08
3.0424709925578e-08
3.07849393193689e-08
3.1344803581989e-08
3.10616223651498e-08
3.13799270474248e-08
3.15277053739591e-08
3.13784784112449e-08
3.12201240588465e-08
3.15681551344983e-08
3.10256685586666e-08
3.09381265341345e-08
3.0772346782593e-08
3.08860188111248e-08
3.06448441135916e-08
3.04461610685405e-08
3.02478831442616e-08
3.06150351972027e-08
3.07064660373389e-08
2.98977498402435e-08
2.98406578797479e-08
2.93199606189861e-08
2.91121351590431e-08
2.94433324028052e-08
2.95648609130762e-08
3.0005205230051e-08
3.05204862100894e-08
3.08103443479545e-08
3.05247285459569e-08
3.08539222351012e-08
3.08450238438307e-08
3.0702604206769e-08
3.0633419831935e-08
3.03833837471723e-08
3.05140819784342e-08
3.02825256857961e-08
3.00086439783854e-08
2.99531051939991e-08
3.01451234080478e-08
2.99684789017794e-08
2.94267103608212e-08
2.91886116685785e-08
2.89741776370976e-08
2.87739449689254e-08
2.89857594593048e-08
2.9425352650378e-08
2.92251221695409e-08
2.95825240675503e-08
3.00701194098478e-08
3.03442847011151e-08
3.00632757660958e-08
3.01443145224895e-08
2.90549432533113e-08
2.99845519245296e-08
3.03258469893861e-08
2.99631559518818e-08
2.99617462820903e-08
3.00308300465661e-08
2.98041749548847e-08
2.9510336096525e-08
2.92994789162836e-08
2.96446411034851e-08
2.91090612798384e-08
2.8944430323369e-08
2.81009900511081e-08
2.84837690220085e-08
2.85468464948689e-08
2.90927977507471e-08
2.88865470451157e-08
2.90871175843814e-08
2.94324010566948e-08
2.97714368086603e-08
2.95524064296523e-08
2.86263285222991e-08
2.95389537244649e-08
2.94101873518884e-08
2.94372544017737e-08
2.95368007426937e-08
2.91668823772592e-08
2.87578085757181e-08
2.88820475105507e-08
2.88909733470842e-08
2.85373246616771e-08
2.8235409467771e-08
2.78851920283577e-08
2.74581513649699e-08
2.80467316241006e-08
2.75845265325038e-08
2.68196051122605e-08
2.85935546009502e-08
2.82128351983118e-08
2.90598563219566e-08
2.88331434950194e-08
2.91274875803352e-08
2.88887964432895e-08
2.81650609825995e-08
2.83687354099757e-08
2.88953360674611e-08
2.90420001031613e-08
2.90868910239196e-08
2.86550378326878e-08
2.82076032785158e-08
2.82112530759485e-08
2.80414630474354e-08
2.7722502613503e-08
2.72347916493471e-08
2.6815432476869e-08
2.73483393493815e-08
2.64133785948718e-08
2.61928109830984e-08
2.55876399353628e-08
2.79481987224423e-08
2.75649830679291e-08
2.84249051606576e-08
2.86778028959915e-08
2.83096172849997e-08
2.80447109263147e-08
2.76981203368993e-08
2.78979759460628e-08
2.82119928600282e-08
2.84488062713312e-08
2.8514823353681e-08
2.82301440415052e-08
2.78362240138713e-08
2.75760711717117e-08
2.76357872648742e-08
2.70555923124388e-08
2.66882529589646e-08
2.69435372461071e-08
2.6560697978469e-08
2.60394385735378e-08
2.49862611043958e-08
2.5579072660352e-08
2.73508893914928e-08
2.69257406626681e-08
2.70880778765912e-08
2.7947736366001e-08
2.76136371581587e-08
2.76359421514537e-08
2.7412558421479e-08
2.68643065419558e-08
2.77900199787418e-08
2.80456383096011e-08
2.77563654290819e-08
2.77194053575152e-08
2.745517155905e-08
2.72104440995704e-08
2.62940472315326e-08
2.64238488525288e-08
2.62153062621564e-08
2.61517710191646e-08
2.58340976790141e-08
2.50418251557964e-08
2.46897165486533e-08
2.44037750657586e-08
2.54267223463286e-08
2.67246289311583e-08
2.68619740645307e-08
2.60853844371702e-08
2.73494445630313e-08
2.71516788975779e-08
2.6805100807653e-08
2.63679490794248e-08
2.73047688050358e-08
2.7232252838232e-08
2.74149775369164e-08
2.71977390975835e-08
2.69356744100791e-08
2.56388745911378e-08
2.56882362469203e-08
2.60209495400524e-08
2.5773853552371e-08
2.4166156316191e-08
2.39291373081256e-08
2.47658021749486e-08
2.52757509168149e-08
2.63114378152453e-08
2.64651059101629e-08
2.57532131334416e-08
2.59440651880381e-08
2.68913705268986e-08
2.64903820692589e-08
2.6313447256034e-08
2.67305947099181e-08
2.67687187419372e-08
2.68630728964188e-08
2.66835895424543e-08
2.64790181843171e-08
2.53473007515033e-08
2.53867629397505e-08
2.37399504667239e-08
2.54727488760112e-08
2.52468475081368e-08
2.43496808583635e-08
2.48642925423553e-08
2.60776897764748e-08
2.56514839045696e-08
2.52002437307096e-08
2.5781014998991e-08
2.62023217967116e-08
2.60044413367807e-08
2.61525050499247e-08
2.63270415910576e-08
2.62435149828358e-08
2.61756657678537e-08
2.5068825097081e-08
2.50862309605677e-08
2.4040548165045e-08
2.35511415819153e-08
2.5263058454104e-08
2.48802312856453e-08
2.45185864687285e-08
2.4745838444146e-08
2.55933328330155e-08
2.48940145006884e-08
2.53118572748173e-08
2.57627964483506e-08
2.57103905273933e-08
2.58832659360364e-08
2.57551142057935e-08
2.53649032991853e-08
2.44989916553169e-08
2.34568780701094e-08
2.40967200116021e-08
2.37761244868162e-08
2.48271010555523e-08
2.44513631593494e-08
2.43897759532416e-08
2.44771447573568e-08
2.48036077399106e-08
2.49044921080788e-08
2.53649358265811e-08
2.53422030567662e-08
2.53613545989861e-08
2.4989345840634e-08
2.4023873272161e-08
2.34333268184313e-08
2.3954252496545e-08
2.43625205241521e-08
2.45524167294876e-08
2.40635990914834e-08
2.43577954626792e-08
2.45518866895115e-08
2.49342087302762e-08
2.47380731678748e-08
2.36454989408003e-08
2.34097814073403e-08
2.37760751148109e-08
2.41050656106772e-08
2.42945709373863e-08
2.40103861731304e-08
2.42023465011356e-08
2.43747180823053e-08
2.34568780701094e-08
2.33627080871281e-08
2.37931830846717e-08
2.37976219623099e-08
2.40824299888546e-08
2.34097814073403e-08
2.37620193573723e-08
