1.000000000000000000e+02 0.000000000000000000e+00
2.000000000000000000e+02 0.000000000000000000e+00
3.000000000000000000e+02 0.000000000000000000e+00
4.000000000000000000e+02 0.000000000000000000e+00
5.000000000000000000e+02 1.074402363685200137e-03
6.000000000000000000e+02 1.432151808091657822e-03
7.000000000000000000e+02 1.291837933059307095e-02
8.000000000000000000e+02 3.772695119075689801e-02
9.000000000000000000e+02 4.646017699115044530e-02
1.000000000000000000e+03 5.391527599486520966e-02
1.100000000000000000e+03 5.412576280180419336e-02
1.200000000000000000e+03 5.754060324825985978e-02
1.300000000000000000e+03 4.357798165137614921e-02
1.400000000000000000e+03 4.808053489595071756e-02
1.500000000000000000e+03 3.287150230915512200e-02
1.600000000000000000e+03 1.185399349475966743e-02
1.700000000000000000e+03 2.645502645502645356e-03
1.800000000000000000e+03 3.601008282319049592e-04
1.900000000000000000e+03 0.000000000000000000e+00
2.000000000000000000e+03 0.000000000000000000e+00
